20
34 1009
0 1
1 0
826 907
649 545
165 210
284 370
131 713
534 598
169 832
347 484
214 615
43 239
38 44
471 522
131 51
251 603
173 830
324 913
773 301
421 29
611 98
344 98
808 539
865 17
18 613
480 237
1005 344
960 1007
476 442
340 271
448 900
745 543
566 152
454 833
29 1009
0 1
1 0
57 711
286 441
779 842
562 815
999 691
893 530
51 84
932 183
761 333
186 0
489 411
606 834
1002 33
52 795
833 634
985 595
833 880
610 56
129 410
793 211
537 135
436 87
318 177
88 898
312 680
750 34
692 684
38 1009
0 1
1 0
44 217
359 891
306 505
428 1006
957 293
381 362
253 663
363 789
37 874
111 913
503 921
970 177
743 905
858 815
368 112
58 116
216 1002
393 200
640 98
78 106
212 649
11 624
393 352
746 38
218 666
824 925
331 101
997 1007
901 589
363 461
936 885
807 672
557 376
291 252
43 644
175 842
33 1009
0 1
1 0
857 46
913 394
778 338
877 856
310 175
596 365
38 633
405 786
487 600
552 714
83 511
954 560
927 938
334 303
182 251
938 1002
858 508
395 44
262 729
654 206
751 1004
387 130
593 795
336 196
151 786
289 859
82 380
162 383
134 421
208 1000
479 869
22 1009
0 1
1 0
850 34
936 226
854 935
534 687
225 759
551 906
309 816
751 185
4 959
365 556
965 341
561 519
116 884
98 334
666 347
37 510
3 29
7 999
978 40
901 430
31 1009
0 1
1 0
445 476
298 827
387 308
505 14
572 237
539 188
480 668
886 844
959 7
995 320
675 273
137 875
782 131
493 879
701 51
582 685
384 523
874 459
883 720
387 191
560 884
26 806
74 322
475 443
977 770
652 938
162 770
407 393
761 129
41 1009
0 1
1 0
911 1009
361 816
830 572
428 832
989 567
249 141
486 145
809 953
767 640
605 547
418 26
911 285
687 298
328 674
476 77
831 585
366 847
520 777
958 413
270 753
741 139
759 4
416 365
530 797
559 17
986 36
629 161
83 700
200 791
558 496
374 207
772 301
411 343
25 850
773 941
255 220
965 837
903 138
698 782
42 1009
0 1
1 0
254 986
721 691
218 179
83 292
790 342
899 863
616 984
644 333
52 883
147 314
243 696
955 723
262 187
96 472
21 365
978 939
509 115
148 395
577 616
323 548
788 730
340 848
229 567
515 247
952 488
487 814
190 453
273 69
706 452
410 118
168 394
557 355
742 660
671 767
10 985
235 521
539 678
464 65
253 950
712 805
35 1009
0 1
1 0
561 84
632 41
274 376
585 681
902 691
946 73
909 725
424 945
224 883
534 125
94 680
862 10
385 898
443 848
124 12
665 730
290 1008
618 36
797 610
284 713
907 142
884 424
297 688
976 472
682 55
45 942
446 164
932 587
671 703
524 228
80 194
359 657
92 966
38 1009
0 1
1 0
203 767
805 395
581 536
853 380
472 185
387 771
506 865
385 841
117 491
155 478
380 231
30 689
798 920
53 712
83 211
149 520
410 772
529 805
976 773
33 28
766 715
793 683
115 267
309 839
180 544
761 577
583 768
480 672
151 491
213 339
142 713
593 40
957 902
109 837
517 42
874 505
33 1009
0 1
1 0
620 435
219 696
491 1
89 189
860 825
214 633
385 985
312 736
544 1007
330 376
161 758
169 241
267 462
977 615
491 225
699 860
530 380
864 81
493 912
325 142
254 477
192 241
61 772
234 509
472 866
102 392
211 473
820 357
782 590
811 622
278 802
45 1009
0 1
1 0
322 749
882 674
51 929
446 763
295 504
903 821
1007 879
719 559
738 943
53 291
47 781
698 500
697 941
514 221
76 369
177 352
48 802
222 830
272 910
80 20
45 399
235 474
328 31
338 941
769 649
662 532
586 13
992 901
995 593
844 601
607 42
726 897
884 702
343 665
417 789
69 14
647 315
821 479
428 938
232 221
586 880
457 769
367 765
41 1009
0 1
1 0
682 439
631 413
344 335
180 158
738 403
661 797
424 262
445 25
323 342
467 449
381 419
438 945
90 616
769 276
8 736
461 683
407 314
157 324
864 791
881 153
742 944
41 263
264 860
2 1
996 913
856 412
231 393
472 395
653 992
969 883
519 977
620 603
964 968
165 655
631 256
732 66
728 14
725 45
288 43
29 1009
0 1
1 0
654 231
602 505
150 16
212 976
819 44
1000 776
78 848
88 672
373 708
225 17
648 321
988 923
708 939
960 782
834 998
540 572
912 696
261 891
525 509
481 914
969 916
801 563
561 688
157 248
9 638
767 123
273 218
47 1009
0 1
1 0
179 268
94 843
954 139
210 513
813 537
805 108
341 911
437 346
470 823
994 114
213 83
22 1001
176 168
923 144
973 167
532 813
265 968
736 175
290 668
352 868
152 27
528 1007
886 898
239 893
444 291
126 388
862 550
102 248
928 661
862 660
635 58
619 308
455 327
426 877
105 874
553 114
377 525
120 813
757 843
262 983
548 409
883 555
502 445
183 394
79 456
49 1009
0 1
1 0
682 744
288 971
336 656
264 325
832 437
662 713
892 579
91 637
659 516
188 188
490 114
838 212
467 454
349 399
615 399
326 179
257 61
120 247
180 613
646 305
873 538
196 2
321 590
316 757
26 309
703 858
702 456
308 852
877 776
444 407
625 411
261 119
590 910
260 854
77 980
608 413
333 434
293 618
404 534
712 320
77 122
305 764
88 62
91 710
196 997
341 605
374 249
34 1009
0 1
1 0
31 873
543 624
380 845
635 482
475 730
580 970
3 627
41 1009
32 679
873 480
995 786
654 529
904 980
555 378
926 310
654 441
959 572
825 762
224 86
511 469
457 171
922 304
12 390
137 536
523 661
248 785
388 326
963 84
823 896
197 364
355 530
28 879
30 1009
0 1
1 0
843 643
997 592
558 651
657 767
569 781
934 331
135 357
274 278
30 717
422 930
31 333
822 488
202 473
208 549
720 150
595 848
670 442
73 124
452 356
574 69
506 661
649 312
90 707
242 600
778 197
938 673
433 810
354 869
22 1009
0 1
1 0
616 566
232 533
461 623
482 654
723 994
567 426
562 402
61 442
48 625
19 784
611 583
830 223
479 357
104 92
442 901
498 234
917 740
531 711
286 74
634 805
41 1009
0 1
1 0
243 503
139 570
472 475
528 856
692 661
322 696
359 899
814 432
988 809
918 970
633 327
452 279
372 243
181 396
748 75
312 982
935 370
353 509
11 833
846 927
107 380
676 117
703 677
906 187
661 416
59 126
592 511
359 878
128 806
250 302
495 58
598 523
167 829
1008 293
789 331
170 381
241 801
284 441
106 177
