350
368
583
576
942
403
INSPECT
489
INSPECT
INSPECT
888
170
652
181
INSPECT
INSPECT
21
699
824
966
145
44
26
588
209
183
336
49
913
INSPECT
621
585
INSPECT
INSPECT
765
928
128
723
275
3
213
962
791
68
52
475
245
INSPECT
15
9
INSPECT
853
258
186
INSPECT
172
203
23
INSPECT
INSPECT
473
INSPECT
375
INSPECT
115
INSPECT
181
616
691
416
INSPECT
265
809
993
72
690
INSPECT
333
452
INSPECT
912
831
438
59
758
271
322
330
759
697
522
737
INSPECT
770
373
709
722
509
981
686
881
479
56
352
845
889
566
103
767
813
340
222
447
33
331
852
INSPECT
531
176
300
674
785
INSPECT
706
784
985
591
744
647
72
36
540
919
885
133
243
673
452
923
811
487
393
74
932
880
140
658
476
291
608
50
902
536
108
33
984
299
322
347
INSPECT
971
963
589
294
793
162
352
91
957
858
856
140
751
968
290
541
758
925
637
817
656
970
INSPECT
INSPECT
408
814
913
INSPECT
201
274
70
INSPECT
INSPECT
INSPECT
277
563
136
618
INSPECT
513
457
309
INSPECT
503
4
458
782
146
896
661
427
174
813
INSPECT
562
186
INSPECT
708
51
750
513
819
INSPECT
862
INSPECT
661
810
234
INSPECT
899
INSPECT
406
508
907
INSPECT
629
INSPECT
809
442
248
INSPECT
116
943
640
INSPECT
5
846
109
INSPECT
INSPECT
896
410
870
967
499
INSPECT
820
734
875
779
INSPECT
891
163
957
INSPECT
770
64
12
199
INSPECT
313
INSPECT
INSPECT
120
652
900
31
INSPECT
260
INSPECT
585
10
124
174
599
707
116
INSPECT
INSPECT
954
921
722
231
799
117
292
319
928
347
805
800
123
195
442
39
413
346
812
INSPECT
INSPECT
180
INSPECT
761
621
998
857
285
450
520
INSPECT
786
520
817
917
152
857
606
140
327
546
504
218
778
479
434
468
721
253
856
97
887
