366
296
INSPECT
363
86
602
273
777
844
919
378
751
INSPECT
INSPECT
INSPECT
397
434
INSPECT
INSPECT
761
572
298
34
INSPECT
INSPECT
681
312
INSPECT
INSPECT
752
851
163
980
874
635
966
733
INSPECT
708
685
159
INSPECT
946
349
743
603
313
530
INSPECT
390
831
INSPECT
294
552
535
270
530
642
255
164
693
286
677
129
766
440
154
INSPECT
998
918
INSPECT
493
569
771
913
866
983
465
470
214
936
836
513
901
528
55
774
INSPECT
INSPECT
977
993
856
119
INSPECT
INSPECT
622
96
287
678
642
550
595
963
645
764
87
862
310
221
INSPECT
78
903
542
729
INSPECT
894
656
776
774
861
773
692
INSPECT
INSPECT
INSPECT
624
362
66
INSPECT
961
751
380
INSPECT
246
498
INSPECT
197
30
859
INSPECT
648
752
718
508
965
526
228
985
816
238
608
133
217
961
467
481
573
INSPECT
484
502
954
372
801
635
817
599
980
604
858
420
37
INSPECT
677
INSPECT
317
INSPECT
611
938
555
967
86
268
306
616
336
452
INSPECT
828
247
51
216
496
442
INSPECT
526
INSPECT
430
491
979
460
INSPECT
196
INSPECT
941
945
INSPECT
58
INSPECT
297
818
INSPECT
INSPECT
INSPECT
79
412
INSPECT
387
263
659
417
751
INSPECT
703
275
215
INSPECT
INSPECT
216
120
INSPECT
INSPECT
981
351
857
816
821
INSPECT
INSPECT
405
INSPECT
762
484
169
136
195
INSPECT
607
548
INSPECT
629
168
INSPECT
20
677
993
204
343
834
768
595
708
203
510
641
760
INSPECT
719
INSPECT
541
INSPECT
60
829
INSPECT
78
106
849
446
873
816
852
763
936
526
750
990
409
105
390
979
389
509
INSPECT
198
665
217
601
754
373
975
INSPECT
883
106
INSPECT
150
82
295
INSPECT
721
774
220
INSPECT
INSPECT
654
INSPECT
INSPECT
INSPECT
836
643
590
229
INSPECT
382
617
841
317
INSPECT
INSPECT
493
776
INSPECT
714
840
INSPECT
821
341
630
925
107
667
738
944
380
146
444
INSPECT
703
29
891
849
123
302
544
INSPECT
898
184
INSPECT
1
181
259
310
INSPECT
772
806
INSPECT
INSPECT
792
79
149
327
INSPECT
505
963
INSPECT
354
INSPECT
872
950
736
86
607
66
459
151
610
914
471
INSPECT
INSPECT
462
673
876
INSPECT
920
236
INSPECT
458
368
INSPECT
498
357
576
468
780
694
INSPECT
697
791
14
186
932
652
441
141
INSPECT
232
INSPECT
556
INSPECT
415
INSPECT
597
909
898
478
INSPECT
411
INSPECT
105
684
INSPECT
222
INSPECT
INSPECT
787
346
311
INSPECT
172
246
566
INSPECT
131
179
124
837
911
INSPECT
INSPECT
278
103
307
580
INSPECT
5
379
552
408
834
805
153
440
463
INSPECT
968
264
412
425
INSPECT
INSPECT
157
INSPECT
INSPECT
677
INSPECT
70
247
596
409
808
505
888
INSPECT
561
982
503
INSPECT
INSPECT
INSPECT
62
658
INSPECT
157
202
75
INSPECT
INSPECT
113
67
INSPECT
829
813
53
314
356
716
INSPECT
INSPECT
INSPECT
102
802
609
954
738
286
775
INSPECT
INSPECT
33
854
608
INSPECT
INSPECT
108
INSPECT
INSPECT
INSPECT
290
192
820
583
690
54
INSPECT
14
756
712
904
INSPECT
883
INSPECT
390
INSPECT
401
73
451
INSPECT
INSPECT
INSPECT
478
INSPECT
INSPECT
143
479
473
702
INSPECT
INSPECT
62
INSPECT
985
7
660
869
229
415
725
569
985
111
648
950
672
763
546
INSPECT
194
859
981
INSPECT
929
769
INSPECT
265
545
894
948
108
777
835
145
120
880
124
162
INSPECT
678
INSPECT
854
INSPECT
11
INSPECT
294
380
412
122
119
209
725
INSPECT
261
303
806
513
491
980
528
24
533
INSPECT
105
685
940
863
130
27
940
844
119
462
718
671
INSPECT
299
232
INSPECT
37
419
653
736
50
629
INSPECT
487
500
492
639
976
INSPECT
709
420
204
208
687
33
43
232
251
715
844
INSPECT
568
103
213
597
377
178
368
INSPECT
196
INSPECT
702
343
753
942
307
74
807
241
INSPECT
INSPECT
394
740
INSPECT
418
367
351
236
166
77
53
439
481
616
469
696
484
INSPECT
477
659
441
969
INSPECT
145
182
579
865
980
961
934
923
48
165
212
106
924
INSPECT
351
418
985
239
994
173
863
660
109
13
INSPECT
858
200
739
148
755
157
61
410
55
527
709
275
79
863
262
855
INSPECT
393
753
57
328
513
543
389
INSPECT
699
205
141
419
742
INSPECT
282
854
289
666
439
INSPECT
838
755
159
807
535
