441
914
763
990
736
INSPECT
INSPECT
145
451
297
234
INSPECT
910
355
97
662
722
INSPECT
708
INSPECT
INSPECT
INSPECT
250
INSPECT
990
562
632
623
260
203
352
600
691
614
65
806
639
623
947
716
65
679
680
INSPECT
973
482
247
637
296
337
890
306
434
285
7
207
160
673
339
520
INSPECT
326
105
173
659
159
377
621
121
949
69
131
INSPECT
270
937
INSPECT
INSPECT
43
891
523
555
607
785
427
470
INSPECT
5
INSPECT
53
801
44
190
211
396
623
730
7
712
946
757
479
792
952
595
INSPECT
INSPECT
272
INSPECT
INSPECT
268
146
998
30
735
INSPECT
INSPECT
843
INSPECT
592
626
68
94
734
INSPECT
309
977
INSPECT
967
INSPECT
606
629
INSPECT
691
798
INSPECT
INSPECT
422
INSPECT
INSPECT
52
INSPECT
192
INSPECT
INSPECT
232
744
525
INSPECT
542
883
595
INSPECT
867
749
41
699
159
610
673
539
22
581
330
829
324
996
856
INSPECT
677
847
293
INSPECT
736
INSPECT
630
207
226
611
INSPECT
411
675
965
INSPECT
130
208
333
678
708
405
960
377
884
558
INSPECT
656
INSPECT
945
271
617
832
750
88
INSPECT
906
916
242
341
876
414
781
INSPECT
468
218
INSPECT
76
INSPECT
418
INSPECT
INSPECT
625
728
890
INSPECT
947
861
INSPECT
862
INSPECT
440
859
143
716
441
521
155
991
779
208
INSPECT
INSPECT
685
732
749
568
831
909
524
INSPECT
321
INSPECT
INSPECT
695
864
736
INSPECT
INSPECT
728
633
747
300
282
539
608
179
720
70
379
427
794
INSPECT
719
678
325
619
INSPECT
73
585
INSPECT
47
688
677
INSPECT
905
538
429
609
783
INSPECT
957
INSPECT
310
709
302
25
INSPECT
831
600
491
122
86
836
INSPECT
283
358
INSPECT
753
373
721
784
370
535
356
665
503
593
862
795
14
761
530
929
731
407
INSPECT
782
INSPECT
512
INSPECT
910
INSPECT
166
INSPECT
855
INSPECT
218
846
266
294
INSPECT
807
937
900
834
38
422
713
INSPECT
797
801
857
480
941
717
966
404
INSPECT
INSPECT
INSPECT
257
INSPECT
217
197
386
40
499
INSPECT
735
877
568
INSPECT
58
324
304
472
319
605
332
25
668
27
478
661
17
444
295
762
INSPECT
200
996
INSPECT
INSPECT
315
INSPECT
808
168
206
6
INSPECT
500
849
154
INSPECT
935
564
INSPECT
INSPECT
954
759
640
674
INSPECT
177
679
INSPECT
871
286
INSPECT
668
899
760
745
402
440
251
INSPECT
240
159
67
INSPECT
866
953
973
768
909
565
966
INSPECT
576
232
INSPECT
12
INSPECT
942
287
801
191
837
316
INSPECT
521
INSPECT
49
879
149
INSPECT
INSPECT
710
630
74
11
727
INSPECT
379
274
INSPECT
INSPECT
166
INSPECT
INSPECT
766
3
842
76
871
324
INSPECT
662
761
INSPECT
735
759
INSPECT
87
950
739
INSPECT
382
236
988
575
68
295
INSPECT
983
590
121
938
963
104
644
996
INSPECT
652
893
INSPECT
574
977
305
389
55
251
542
203
350
INSPECT
983
312
815
873
735
560
212
182
815
354
248
INSPECT
46
726
929
709
287
725
INSPECT
INSPECT
944
856
32
434
257
576
INSPECT
343
921
642
744
275
305
INSPECT
506
680
970
43
637
984
622
649
INSPECT
377
971
65
760
148
829
640
820
117
INSPECT
INSPECT
INSPECT
61
317
891
807
454
INSPECT
669
INSPECT
INSPECT
726
551
455
INSPECT
285
991
243
69
95
326
INSPECT
102
912
164
990
844
61
884
INSPECT
40
802
142
396
279
65
478
315
9
609
107
INSPECT
930
159
252
948
911
523
810
204
425
334
906
368
976
132
840
831
INSPECT
421
218
603
INSPECT
93
257
42
137
INSPECT
677
239
INSPECT
INSPECT
INSPECT
92
INSPECT
356
775
INSPECT
29
73
98
17
973
16
763
584
287
INSPECT
546
150
456
335
397
INSPECT
575
INSPECT
350
162
692
INSPECT
435
522
957
382
205
192
630
744
825
INSPECT
58
474
323
839
501
904
946
943
464
153
326
22
INSPECT
528
288
807
741
INSPECT
548
150
567
20
194
143
989
INSPECT
467
265
675
661
45
860
83
807
INSPECT
INSPECT
58
921
653
328
INSPECT
28
326
INSPECT
299
INSPECT
898
823
634
581
269
181
8
688
167
343
11
INSPECT
940
850
282
424
22
231
INSPECT
566
353
940
247
855
900
107
972
130
INSPECT
668
INSPECT
639
605
205
772
575
443
650
732
INSPECT
644
694
17
413
381
601
INSPECT
896
974
553
713
969
648
138
464
950
652
48
417
INSPECT
170
INSPECT
520
636
INSPECT
565
63
INSPECT
92
743
INSPECT
818
918
INSPECT
97
676
807
INSPECT
811
INSPECT
INSPECT
979
INSPECT
627
239
474
269
329
382
996
86
466
156
900
680
INSPECT
634
141
333
625
315
133
10
769
483
