454
559
INSPECT
365
323
937
461
837
542
950
631
INSPECT
360
79
714
INSPECT
209
599
INSPECT
INSPECT
361
999
INSPECT
INSPECT
615
940
148
INSPECT
516
468
284
819
872
258
805
807
875
914
620
510
217
321
INSPECT
920
604
214
23
INSPECT
424
355
INSPECT
INSPECT
695
480
373
331
428
226
631
INSPECT
891
INSPECT
194
INSPECT
909
571
926
61
935
38
473
341
586
INSPECT
INSPECT
520
INSPECT
INSPECT
535
381
44
INSPECT
995
41
717
385
680
INSPECT
470
332
INSPECT
979
108
312
572
INSPECT
681
INSPECT
725
604
83
857
571
179
INSPECT
462
408
956
531
110
INSPECT
697
618
494
582
INSPECT
INSPECT
999
19
397
INSPECT
396
931
91
221
967
723
567
16
886
494
129
69
214
INSPECT
INSPECT
756
443
510
50
878
249
INSPECT
608
773
400
42
987
INSPECT
INSPECT
194
775
207
INSPECT
153
INSPECT
INSPECT
943
236
INSPECT
INSPECT
663
525
787
208
INSPECT
597
573
743
INSPECT
154
163
904
565
INSPECT
212
593
INSPECT
274
140
25
692
INSPECT
371
782
741
INSPECT
INSPECT
234
389
849
985
594
397
358
584
INSPECT
INSPECT
179
679
909
INSPECT
458
274
736
992
298
613
INSPECT
INSPECT
207
240
128
110
186
670
433
899
INSPECT
865
INSPECT
783
851
791
374
INSPECT
428
392
646
589
INSPECT
465
165
313
423
453
566
295
94
INSPECT
170
920
233
INSPECT
399
INSPECT
INSPECT
555
170
722
836
143
659
490
527
INSPECT
333
762
20
609
INSPECT
INSPECT
912
550
774
518
476
INSPECT
239
169
863
INSPECT
195
840
419
566
198
512
906
885
INSPECT
976
705
447
976
803
120
354
INSPECT
106
824
783
76
281
515
691
911
110
321
86
122
27
606
789
240
818
331
549
119
INSPECT
INSPECT
512
201
923
728
INSPECT
465
INSPECT
793
462
992
822
361
807
INSPECT
497
146
202
911
INSPECT
INSPECT
819
INSPECT
531
INSPECT
INSPECT
183
651
INSPECT
INSPECT
INSPECT
556
582
INSPECT
INSPECT
455
INSPECT
INSPECT
774
482
106
6
30
886
4
270
60
701
562
741
352
INSPECT
245
77
52
739
400
404
685
597
967
811
307
INSPECT
908
94
832
INSPECT
INSPECT
568
450
484
537
802
289
284
2
INSPECT
INSPECT
208
567
400
194
819
975
913
INSPECT
782
781
802
194
INSPECT
403
389
205
INSPECT
243
968
784
896
238
649
585
INSPECT
422
346
314
706
252
949
754
18
INSPECT
310
895
903
INSPECT
165
INSPECT
INSPECT
743
330
INSPECT
568
636
341
305
INSPECT
567
968
456
933
304
INSPECT
INSPECT
307
277
685
288
939
INSPECT
212
INSPECT
636
75
572
INSPECT
643
INSPECT
INSPECT
162
659
120
468
67
308
883
69
INSPECT
858
295
478
185
696
255
539
INSPECT
497
86
553
124
994
77
715
811
224
INSPECT
INSPECT
INSPECT
808
983
286
319
INSPECT
188
INSPECT
900
529
161
INSPECT
319
195
940
INSPECT
338
297
911
527
740
146
INSPECT
247
833
INSPECT
792
689
430
708
590
INSPECT
5
INSPECT
INSPECT
179
650
110
INSPECT
616
45
730
922
538
124
442
596
INSPECT
766
674
186
973
527
801
882
352
738
550
INSPECT
615
486
224
244
INSPECT
INSPECT
754
857
INSPECT
658
INSPECT
760
379
INSPECT
97
INSPECT
295
884
129
INSPECT
78
347
269
971
INSPECT
INSPECT
528
170
299
917
696
422
858
INSPECT
159
INSPECT
262
31
724
513
359
535
427
438
932
145
INSPECT
73
611
INSPECT
INSPECT
INSPECT
157
501
INSPECT
521
627
INSPECT
299
INSPECT
840
822
622
885
155
705
INSPECT
679
847
INSPECT
653
399
533
INSPECT
369
502
INSPECT
487
813
897
INSPECT
INSPECT
712
773
176
967
INSPECT
502
986
281
347
178
980
460
892
81
350
84
742
123
471
583
3
391
INSPECT
21
19
INSPECT
799
INSPECT
715
816
309
452
820
829
912
562
181
950
502
197
182
994
INSPECT
105
930
INSPECT
INSPECT
356
INSPECT
430
350
INSPECT
312
527
562
54
225
563
526
263
763
537
167
INSPECT
INSPECT
INSPECT
500
721
INSPECT
396
559
884
955
INSPECT
435
624
115
587
INSPECT
INSPECT
INSPECT
795
448
INSPECT
387
25
394
INSPECT
333
756
144
INSPECT
458
302
965
390
647
226
246
INSPECT
388
854
INSPECT
112
517
557
495
995
742
163
INSPECT
INSPECT
256
683
INSPECT
5
967
INSPECT
19
769
332
