832
610
549
512
977
INSPECT
897
772
646
285
800
36
INSPECT
178
52
21
950
207
INSPECT
841
656
995
398
745
437
INSPECT
907
219
INSPECT
705
834
386
873
243
244
825
994
INSPECT
INSPECT
INSPECT
254
783
384
459
INSPECT
702
495
192
39
438
INSPECT
183
454
963
704
448
INSPECT
22
131
INSPECT
721
403
506
388
158
984
350
INSPECT
661
765
256
122
976
679
538
326
124
320
52
226
402
12
32
456
780
265
623
182
589
658
976
815
40
51
619
551
105
142
559
116
268
138
120
892
995
INSPECT
588
360
944
594
107
INSPECT
850
73
984
341
947
681
635
INSPECT
301
111
INSPECT
393
737
INSPECT
191
825
662
962
86
472
410
40
828
INSPECT
431
INSPECT
562
203
459
684
INSPECT
INSPECT
88
613
450
INSPECT
INSPECT
INSPECT
301
268
356
924
592
148
675
706
382
50
INSPECT
INSPECT
429
882
441
886
282
INSPECT
468
INSPECT
192
606
321
INSPECT
128
838
3
81
323
519
323
847
582
422
782
858
INSPECT
313
362
458
715
873
427
930
100
342
35
INSPECT
991
119
368
848
394
255
790
INSPECT
272
525
63
685
887
INSPECT
585
859
INSPECT
535
506
18
713
INSPECT
85
820
115
898
340
24
587
813
961
845
1000
635
82
971
307
536
167
466
INSPECT
INSPECT
INSPECT
INSPECT
358
INSPECT
INSPECT
INSPECT
694
826
112
737
477
737
209
705
470
812
549
20
569
INSPECT
790
317
125
803
484
545
667
80
907
36
215
INSPECT
864
451
680
490
408
745
INSPECT
305
249
515
INSPECT
INSPECT
443
823
763
927
433
265
56
277
INSPECT
408
101
964
459
801
INSPECT
934
249
615
584
898
428
188
INSPECT
90
INSPECT
INSPECT
INSPECT
INSPECT
373
23
752
76
731
INSPECT
422
44
INSPECT
INSPECT
326
87
233
INSPECT
INSPECT
3
748
43
810
INSPECT
55
785
565
664
INSPECT
526
206
INSPECT
551
846
INSPECT
780
INSPECT
710
INSPECT
924
725
INSPECT
938
452
INSPECT
756
795
170
326
224
620
518
226
528
381
INSPECT
196
778
INSPECT
INSPECT
572
871
507
464
785
226
193
640
94
349
143
789
848
969
750
838
901
417
INSPECT
INSPECT
307
206
467
55
719
465
895
INSPECT
214
246
808
65
161
67
472
159
32
447
INSPECT
249
586
278
226
67
879
995
462
295
517
INSPECT
919
400
411
441
857
634
INSPECT
244
5
425
126
930
848
76
167
INSPECT
298
241
445
17
190
775
841
332
982
INSPECT
373
935
INSPECT
INSPECT
5
362
473
INSPECT
INSPECT
184
INSPECT
INSPECT
879
859
548
491
581
503
523
INSPECT
967
INSPECT
932
158
357
659
885
768
327
698
503
178
INSPECT
270
865
282
527
INSPECT
748
898
9
412
151
206
INSPECT
344
978
209
93
532
499
38
174
728
112
901
213
412
861
622
849
728
876
532
INSPECT
804
INSPECT
282
427
220
54
742
243
711
439
646
741
735
INSPECT
296
728
528
183
INSPECT
225
610
405
427
461
82
486
801
213
804
INSPECT
234
716
INSPECT
230
587
417
51
INSPECT
INSPECT
915
239
151
INSPECT
304
601
976
47
970
INSPECT
264
58
925
269
557
760
INSPECT
373
INSPECT
656
INSPECT
INSPECT
922
754
950
955
380
INSPECT
130
925
330
INSPECT
417
621
679
217
INSPECT
116
54
966
155
734
12
819
333
265
923
949
286
689
483
787
756
14
671
387
98
760
759
INSPECT
INSPECT
854
745
INSPECT
464
365
985
INSPECT
486
551
60
INSPECT
940
INSPECT
INSPECT
926
224
27
91
582
925
411
839
INSPECT
INSPECT
460
358
6
141
474
828
385
652
778
111
602
232
726
904
136
70
INSPECT
18
896
537
27
INSPECT
53
605
360
501
INSPECT
531
653
366
715
70
INSPECT
563
313
551
1000
295
INSPECT
867
571
518
INSPECT
491
903
36
INSPECT
122
861
865
792
900
INSPECT
13
INSPECT
45
561
807
160
INSPECT
510
729
661
802
80
73
426
957
644
303
INSPECT
879
309
INSPECT
426
493
295
INSPECT
86
893
111
551
563
792
INSPECT
551
764
640
782
664
