274
INSPECT
18
573
232
651
109
508
580
495
479
853
652
157
356
629
411
926
603
813
INSPECT
833
286
938
INSPECT
260
INSPECT
169
INSPECT
139
885
76
153
INSPECT
694
617
593
INSPECT
495
828
INSPECT
174
559
INSPECT
617
242
597
453
INSPECT
527
418
419
751
583
836
INSPECT
143
809
295
816
755
835
INSPECT
155
INSPECT
51
723
42
INSPECT
INSPECT
253
INSPECT
591
282
435
711
489
930
INSPECT
898
535
331
908
963
265
203
274
396
INSPECT
316
INSPECT
772
623
317
INSPECT
255
866
INSPECT
911
565
123
701
830
156
762
483
302
797
324
253
77
