983
465
INSPECT
INSPECT
650
681
89
160
478
931
902
178
716
INSPECT
969
INSPECT
INSPECT
192
733
925
912
796
508
488
523
802
787
622
890
550
591
462
784
INSPECT
596
290
289
163
147
485
INSPECT
INSPECT
50
30
555
81
761
INSPECT
525
521
INSPECT
INSPECT
482
742
135
987
786
INSPECT
973
219
960
718
INSPECT
INSPECT
507
848
426
72
425
792
63
632
976
374
873
INSPECT
380
INSPECT
388
665
INSPECT
18
372
69
800
984
113
518
251
316
122
472
359
533
884
915
INSPECT
873
374
771
INSPECT
663
511
48
895
305
650
585
521
120
497
613
392
147
893
INSPECT
109
291
81
375
INSPECT
761
INSPECT
918
182
900
621
277
303
386
937
495
INSPECT
14
892
INSPECT
724
355
556
INSPECT
INSPECT
650
925
681
INSPECT
479
323
39
833
836
657
667
289
789
989
997
320
795
495
137
530
737
295
127
479
521
INSPECT
382
844
822
887
377
INSPECT
INSPECT
975
823
694
477
INSPECT
INSPECT
INSPECT
714
963
23
168
588
354
184
25
16
702
39
243
INSPECT
327
29
INSPECT
713
157
52
348
89
280
407
302
INSPECT
657
104
580
316
INSPECT
INSPECT
INSPECT
INSPECT
165
607
INSPECT
565
569
84
470
500
188
206
177
87
105
INSPECT
93
685
771
918
947
INSPECT
