18 29
41 7 28 2 17 80 46 19 20 95 46 44 23 27 32 29 90 38
6 8 32
14 16 43
1 3 43
10 13 98
7 12 68
13 15 48
2 14 12
13 14 46
1 16 15
5 17 41
13 13 26
6 11 42
10 11 65
7 8 1
10 15 19
9 9 56
9 11 48
5 11 22
12 16 94
2 6 73
14 15 33
15 17 62
16 17 80
5 7 49
11 14 26
3 12 88
15 16 94
12 13 77
4 13 94
31
15 9 7
22 7 15
29 5 12
58 7 14
62 11 9
100 1 14
98 3 6
76 12 6
15 15 17
35 15 11
97 6 4
79 0 11
93 13 4
94 5 16
43 7 13
11 9 6
72 4 17
11 0 5
3 11 7
30 0 13
57 2 10
31 12 7
59 14 16
8 16 5
47 6 8
15 7 12
74 11 17
86 6 13
69 8 8
94 3 15
100 7 10
