13 21
39 43 27 53 4 68 50 22 55 74 65 14 11
11 12 38
2 4 33
2 12 65
4 9 98
1 9 4
6 12 40
8 8 92
2 6 95
10 10 14
9 9 72
8 12 19
5 10 79
1 4 18
7 11 70
4 4 76
4 6 79
8 10 10
10 12 61
1 3 25
3 3 19
3 6 73
85
64 8 3
70 8 10
72 11 7
10 2 9
59 0 11
22 8 10
74 8 12
89 2 5
83 1 7
40 6 7
84 2 12
1 8 5
46 2 8
100 1 8
47 1 6
53 6 5
26 2 7
51 7 9
6 3 10
64 8 4
30 5 3
52 10 12
13 2 8
47 3 5
56 11 12
79 3 4
52 9 3
23 11 4
99 5 8
48 8 6
82 5 9
4 2 6
52 10 12
96 6 9
39 4 4
66 8 11
15 10 8
86 8 12
68 7 5
43 9 6
24 1 12
40 1 12
30 7 4
50 4 11
73 2 3
42 0 12
16 1 8
45 4 6
91 7 6
22 3 11
63 1 7
19 8 3
73 9 5
2 6 9
1 11 9
59 3 10
14 3 4
85 7 6
76 0 9
58 3 7
62 0 11
58 10 4
2 0 11
25 10 10
10 0 3
37 9 10
88 5 12
78 3 8
97 3 4
82 2 11
14 3 12
90 5 9
96 6 12
27 4 9
8 7 9
50 1 9
10 2 11
58 0 8
41 10 4
85 6 8
4 1 3
58 10 11
8 10 11
39 0 4
12 8 7
