830 5328
29 39 74 49 23 82 7 35 71 7 59 41 10 26 52 88 85 5 96 44 46 85 55 8 92 74 38 18 44 66 9 54 19 46 69 50 71 41 32 57 11 8 64 11 43 66 30 43 75 34 13 43 59 56 27 75 14 62 77 22 80 81 75 25 9 71 38 26 75 43 51 91 14 17 58 95 29 9 74 100 5 42 49 10 86 14 87 63 4 2 87 19 19 2 61 59 47 90 88 53 47 14 65 35 58 92 37 61 74 87 44 41 45 86 5 12 83 12 49 23 85 75 39 42 60 88 33 19 61 22 82 67 28 3 96 27 8 76 72 63 97 68 31 18 38 57 61 97 58 88 23 44 4 25 2 60 11 19 45 53 98 15 48 84 52 1 71 60 74 84 53 33 70 17 60 48 55 3 22 85 53 82 5 27 37 12 51 74 74 76 70 38 76 88 91 60 1 12 1 22 39 36 50 18 29 57 40 18 16 62 69 80 30 45 87 59 76 57 4 63 7 44 57 6 50 45 72 17 90 55 24 91 70 6 24 65 30 83 70 3 29 83 51 73 85 28 96 95 69 26 78 38 22 49 31 97 34 96 95 73 24 94 53 17 16 8 88 22 96 87 42 56 48 11 62 8 99 63 84 27 82 10 47 25 26 54 24 65 30 34 64 69 19 79 41 28 81 47 100 48 96 8 93 26 38 37 61 2 87 79 4 33 4 90 75 79 98 17 39 80 28 89 24 22 89 59 50 1 45 99 1 55 31 14 95 44 43 84 53 44 47 60 57 25 29 3 58 15 85 24 77 26 5 68 22 28 43 57 49 44 48 72 8 74 93 82 2 88 72 6 54 37 1 6 39 44 51 17 52 78 6 53 87 51 60 49 61 58 6 50 21 52 34 96 5 90 16 35 5 17 21 50 92 75 83 78 44 73 42 98 11 48 19 32 51 99 44 31 57 99 44 33 13 66 60 13 76 19 86 21 97 56 51 3 66 35 30 97 30 74 12 22 58 63 7 15 86 27 52 86 24 93 22 85 41 16 1 95 78 59 27 28 55 25 23 51 57 73 62 93 92 4 1 80 64 1 18 66 56 82 56 76 69 12 13 51 51 70 10 62 44 12 9 34 64 83 92 20 54 36 39 19 94 72 68 63 90 10 42 52 74 78 9 72 53 5 68 29 38 92 68 81 5 32 54 61 88 31 62 83 1 8 95 91 91 68 99 16 29 9 66 6 3 88 48 81 94 100 46 72 56 93 65 41 54 98 67 34 51 61 12 46 15 91 51 85 33 26 65 37 42 3 62 15 92 49 91 24 60 49 94 84 2 65 59 55 4 88 27 32 83 31 86 20 50 6 75 79 4 97 78 19 69 10 4 77 78 54 32 75 57 71 39 97 63 74 74 89 33 40 81 44 31 56 88 4 56 24 88 86 22 89 31 45 56 91 59 15 26 56 54 53 40 36 15 58 60 9 11 8 34 60 69 64 42 26 67 3 70 90 3 90 12 85 65 80 12 24 82 17 9 45 25 22 15 7 91 41 43 65 96 90 87 58 93 18 81 93 47 23 98 61 86 65 75 36 20 98 83 55 98 23 77 8 60 58 58 90 28 42 17 11 58 98 18 7 75 74 24 77 86 89 98 6 76 67 62 37 7 7 42 73 37 91 85 81 54 68 11 81 4 100 37 25 85 4 28 10 1 54 70 76 68 91 81 62 25 61 57 1 58 47 69 32 13 81 35 87 91 34 45 99 41 20 88 21 20 22 4 93 86 66 21 67 69 86 51 66 28 64 41 23 42 20 69 80 56 1 55 88 60 41 51 93 30 79 12 29 53 52 71 86 32 65 11 55 95 63 3 20 70 15 11 58 48 53 41 57 35 69
598 629 26
465 803 66
211 348 12
523 684 42
812 819 86
28 729 59
80 541 64
637 692 36
301 388 70
410 749 2
684 771 89
377 602 12
719 732 98
307 326 46
248 330 78
215 570 69
669 713 58
150 250 91
645 824 86
326 627 36
323 768 32
748 751 37
115 653 40
13 793 54
257 313 94
476 549 79
265 792 81
774 808 28
680 824 10
423 428 37
741 777 53
122 299 99
167 568 31
677 745 45
597 635 24
630 725 48
193 827 92
528 579 72
47 811 33
169 689 10
633 812 12
146 577 65
79 118 72
398 808 62
286 287 74
274 427 38
768 814 16
386 640 71
797 807 13
456 622 89
233 274 75
498 747 14
659 720 100
278 413 42
104 505 79
338 528 94
822 828 56
116 426 40
273 683 57
436 552 41
300 309 51
804 804 61
25 357 59
682 814 68
786 803 75
410 637 64
795 806 33
422 714 38
659 793 56
735 782 46
802 815 38
300 510 69
755 774 96
793 816 88
9 288 5
212 448 38
620 635 38
486 745 57
339 562 61
443 646 16
404 728 55
128 179 54
520 658 61
352 820 21
449 458 5
87 471 51
228 752 73
468 812 28
132 316 15
149 752 30
762 827 60
248 584 6
779 790 86
759 783 40
767 809 48
333 741 77
42 397 83
167 772 34
38 566 2
815 824 12
199 321 54
541 718 83
342 414 29
780 791 9
214 777 32
707 814 69
562 641 93
41 170 14
215 676 23
1 772 56
797 814 69
354 447 24
281 448 7
815 818 35
176 546 6
649 775 68
193 764 22
98 733 68
167 821 52
452 464 52
485 662 31
599 671 33
474 722 45
20 89 87
271 361 56
569 748 1
255 444 73
316 503 13
325 799 9
352 749 32
113 422 53
1 41 60
279 400 10
168 364 67
151 521 16
601 691 22
691 692 42
499 691 37
467 603 33
29 775 51
777 794 55
766 825 50
97 357 38
554 690 75
712 823 6
99 99 46
353 704 99
614 780 55
88 617 34
818 829 68
232 485 5
350 396 10
736 766 11
534 693 31
51 237 24
148 242 74
451 611 80
87 596 29
608 756 84
456 491 79
133 725 2
657 702 83
29 153 27
780 788 92
460 512 79
256 450 81
541 710 77
297 599 86
223 769 67
483 686 51
358 575 25
669 718 83
456 796 40
169 484 65
727 794 75
403 609 79
50 502 68
84 614 46
363 612 6
237 245 2
165 217 2
797 798 76
39 741 63
511 796 48
60 658 21
25 144 12
387 662 3
565 785 74
240 271 82
309 480 2
501 582 29
426 444 93
143 201 71
28 138 71
687 732 40
219 219 5
97 291 61
536 665 51
136 825 29
234 737 8
811 828 79
502 576 5
434 690 37
473 690 10
251 738 63
145 183 35
292 571 80
303 312 67
101 225 35
544 608 57
546 672 41
381 597 17
85 135 97
11 274 23
40 247 93
579 818 45
17 371 86
447 486 6
1 574 96
309 340 33
164 231 74
819 826 75
227 464 42
633 699 95
283 792 80
554 684 33
722 778 47
214 473 85
668 808 31
4 275 51
680 756 46
817 829 40
423 791 75
185 555 78
812 818 78
33 661 78
467 490 41
671 675 89
769 794 59
819 821 62
94 515 32
201 211 34
437 821 51
77 329 41
418 684 7
489 636 76
104 362 86
385 434 98
308 803 17
710 812 19
797 820 62
733 756 1
446 491 78
145 804 22
427 624 54
177 814 18
396 641 29
55 301 25
538 626 90
180 673 3
571 592 81
759 800 70
815 815 19
334 751 33
65 101 16
203 557 23
258 445 57
115 176 1
502 760 38
279 465 31
388 670 25
706 734 19
767 800 77
359 756 61
605 815 50
109 621 17
112 540 47
387 803 38
630 660 92
482 513 37
1 354 32
614 747 53
460 544 73
549 745 42
433 580 74
83 550 2
412 437 3
760 778 89
166 824 36
636 693 13
485 653 4
116 490 88
406 825 47
652 769 37
100 129 46
789 811 24
601 628 6
468 720 17
374 660 99
640 748 97
186 566 57
390 703 31
805 807 49
224 264 58
689 776 31
749 806 18
456 459 64
46 677 54
816 818 16
475 814 38
664 723 13
750 772 62
665 681 22
528 700 41
604 828 83
264 504 53
712 801 26
237 745 52
210 407 84
547 659 23
765 825 66
696 760 25
574 694 29
704 707 43
715 730 56
434 510 71
315 750 60
749 810 42
655 803 37
70 788 29
736 768 5
220 497 90
758 818 65
707 714 40
509 683 22
547 676 86
173 682 10
39 628 72
562 771 55
621 788 22
384 609 63
197 293 84
406 704 16
137 521 50
711 721 25
41 311 54
774 786 97
256 266 77
471 486 31
738 808 55
487 657 6
166 284 25
503 817 96
508 696 93
616 784 10
335 708 29
754 809 46
423 694 37
813 813 11
365 603 72
401 631 55
273 555 44
10 485 86
653 677 26
758 802 82
76 702 31
379 799 32
732 747 11
640 791 98
460 617 9
568 624 82
227 386 34
705 784 29
325 350 47
445 769 59
633 753 32
737 765 20
163 699 46
344 481 54
300 545 98
457 698 82
564 637 37
711 826 31
751 770 80
295 586 54
671 787 35
30 256 2
217 539 46
463 790 48
113 687 7
148 320 56
190 691 79
736 739 56
28 240 89
618 826 37
420 723 82
328 579 57
485 679 42
185 822 80
490 508 91
301 806 34
397 799 26
174 620 33
239 247 84
165 255 5
200 440 96
470 629 87
632 751 39
628 756 25
163 584 43
307 732 80
618 743 40
581 638 28
88 823 46
144 741 57
548 718 55
27 650 11
346 700 72
379 411 31
709 736 19
734 754 5
161 672 26
560 599 34
490 704 90
101 584 15
636 674 93
493 664 57
399 740 91
270 422 5
775 823 5
490 545 4
391 726 83
213 668 58
458 786 98
684 801 69
545 806 25
229 721 37
458 821 96
40 475 22
573 767 29
176 788 94
466 713 29
276 395 78
370 463 39
272 774 33
22 284 34
246 275 3
572 636 91
329 477 40
91 546 37
339 377 6
588 701 94
570 679 35
622 717 84
759 769 14
384 756 43
774 800 67
664 698 62
432 475 36
429 597 26
85 308 26
360 496 58
177 335 14
457 567 86
770 802 65
336 784 77
748 815 96
742 779 53
408 773 43
599 708 7
403 812 35
698 749 73
166 398 93
615 713 38
591 785 28
595 706 57
223 498 83
295 551 39
655 731 1
343 820 47
646 686 47
764 800 77
382 558 41
491 511 45
505 766 31
53 66 40
297 555 30
2 34 65
605 634 83
83 270 39
159 548 80
102 750 1
84 183 100
389 609 54
89 530 53
319 718 51
582 696 79
613 808 64
137 641 3
730 798 9
71 158 14
500 694 26
536 629 77
248 278 86
223 689 18
430 713 16
741 768 87
565 794 100
774 795 65
696 709 53
721 745 46
434 569 62
390 725 58
343 756 91
623 818 55
802 806 29
561 645 95
606 731 30
767 808 62
198 258 96
500 701 89
259 300 88
637 659 35
515 549 63
96 814 4
629 744 48
786 793 18
151 530 14
718 770 53
505 545 23
84 419 50
400 714 86
494 585 17
5 431 97
255 375 62
750 821 45
470 813 87
193 679 85
176 229 37
55 512 80
749 782 72
477 792 43
548 562 58
468 768 6
575 715 95
1 98 2
804 812 64
273 583 12
812 826 98
54 245 71
824 824 13
91 753 42
436 792 58
268 324 40
250 327 38
730 740 11
403 591 18
207 637 42
562 612 94
358 553 52
636 820 40
257 786 33
797 799 32
734 829 56
328 728 24
444 812 96
565 739 84
113 138 20
316 681 81
89 140 39
658 814 32
314 669 80
598 775 16
745 795 82
310 794 96
74 95 99
52 710 86
306 663 35
28 374 48
420 434 80
742 821 66
235 764 69
274 481 37
537 638 8
342 443 10
725 743 98
205 687 49
5 470 34
21 527 19
806 815 13
248 642 24
173 487 4
244 570 40
432 690 60
422 685 47
108 113 15
58 113 14
627 772 82
445 520 78
776 776 56
587 731 79
654 757 29
481 660 88
779 783 4
499 565 25
603 625 97
681 766 21
368 477 28
314 481 10
248 533 44
811 816 42
619 762 96
206 534 17
231 639 50
261 608 96
487 634 2
352 557 40
736 791 5
712 744 35
636 726 98
472 494 56
59 385 1
356 640 51
98 397 45
759 781 29
85 374 14
332 608 41
647 654 85
305 470 90
261 635 54
52 277 94
463 577 57
529 778 96
642 687 22
715 741 89
71 169 53
9 795 50
743 759 45
678 736 99
153 485 39
542 665 58
69 470 31
112 352 26
650 678 87
536 723 43
664 802 50
414 442 47
387 619 3
231 611 10
10 721 43
323 701 72
161 242 81
606 746 68
291 678 84
343 783 32
620 687 59
0 200 51
62 377 13
139 434 97
535 680 62
423 533 77
395 459 19
652 785 14
178 547 79
7 381 97
381 677 34
541 742 46
121 734 73
427 777 90
202 521 70
411 520 6
74 603 38
622 762 57
46 239 44
294 681 20
67 768 85
576 643 30
562 613 94
568 737 39
262 693 78
593 638 29
689 753 59
810 822 78
608 692 93
156 750 68
725 783 72
529 764 39
33 321 6
664 786 26
5 360 11
231 245 34
222 516 21
537 538 81
296 325 94
500 772 1
327 336 90
531 536 32
625 729 76
16 587 71
704 812 78
752 823 28
132 442 72
651 688 18
280 282 63
755 776 3
133 270 1
317 729 19
562 738 43
356 377 21
635 678 55
452 529 84
389 691 39
467 718 41
446 743 31
464 698 71
384 822 12
351 737 37
449 596 94
421 506 89
163 382 71
406 435 40
145 511 11
321 614 10
34 245 38
446 497 13
35 276 65
542 799 56
136 793 46
824 825 51
424 493 54
322 451 50
719 755 68
265 565 7
546 556 35
414 826 54
526 597 29
762 778 73
795 811 70
30 35 87
502 731 99
786 820 84
427 813 35
291 400 73
16 49 37
261 656 12
364 723 98
690 729 10
485 548 92
409 576 16
379 796 56
440 635 96
195 227 95
515 583 5
594 632 76
453 657 62
618 791 24
292 809 18
391 657 83
78 287 56
170 220 25
44 659 66
763 812 96
539 814 41
424 772 38
609 678 89
187 322 10
130 827 59
168 383 34
689 728 96
470 613 71
793 818 12
816 825 72
65 801 62
213 553 23
628 754 34
141 458 73
774 793 48
53 150 47
241 380 74
418 815 23
751 824 22
784 811 78
78 111 3
741 809 16
309 694 89
58 715 13
494 578 32
86 619 86
417 653 71
650 693 52
415 424 25
608 758 49
807 810 14
799 820 14
467 519 57
89 507 8
613 737 58
44 58 46
187 306 28
95 325 70
722 796 68
620 722 41
493 798 84
366 811 98
197 297 26
475 698 46
357 448 44
212 289 41
768 824 39
478 502 21
783 798 28
218 321 8
626 766 80
465 767 70
565 608 92
629 694 79
271 311 48
61 723 57
45 425 70
67 332 42
739 766 73
690 718 57
678 703 47
132 716 32
532 687 68
34 267 6
336 525 34
629 678 65
608 632 67
185 415 1
782 795 70
459 588 34
363 472 90
19 397 100
465 674 97
615 762 77
250 799 74
511 664 24
483 828 54
675 704 64
191 464 78
460 494 70
732 777 75
697 697 39
583 604 82
298 408 33
80 214 79
218 375 8
201 201 96
203 328 62
198 239 6
162 291 37
527 702 70
784 821 44
467 716 5
250 737 3
647 663 35
6 822 63
645 751 84
537 784 18
441 518 74
244 780 37
79 818 75
826 826 24
313 653 11
159 483 65
496 650 66
730 792 4
463 566 87
145 155 10
486 776 20
254 660 70
765 811 24
203 782 38
305 739 93
515 671 96
440 557 37
665 674 41
203 699 29
796 801 35
146 695 43
255 582 56
303 315 64
273 420 99
186 227 97
721 785 2
522 768 11
551 609 71
769 813 98
103 755 32
778 796 38
90 133 15
806 823 15
203 323 44
329 758 19
566 773 92
165 700 36
440 441 43
647 792 69
629 781 34
254 306 57
391 649 65
706 750 21
725 799 100
453 486 18
767 778 64
153 308 21
748 820 61
322 337 73
676 772 64
479 678 17
11 673 71
318 398 67
178 797 81
191 824 52
540 807 34
586 822 46
796 821 76
716 744 55
437 667 73
82 736 83
141 225 26
678 772 63
178 749 23
773 815 36
172 307 26
173 306 82
208 289 68
736 760 26
52 312 66
700 756 63
465 483 71
226 668 79
1 27 47
517 626 46
794 828 27
736 795 99
644 809 86
411 716 2
120 781 82
681 690 87
673 701 55
156 822 89
497 824 98
395 468 17
55 149 93
425 432 37
301 759 21
9 636 69
60 582 11
561 814 8
328 374 97
244 506 67
666 716 21
638 771 57
174 452 99
214 241 58
21 252 57
70 534 37
635 763 15
154 197 31
466 693 31
758 798 40
338 722 15
125 762 26
510 805 66
765 804 62
555 666 77
822 829 85
489 598 100
303 751 10
371 605 49
418 596 21
298 618 29
390 688 70
542 674 59
433 727 7
609 772 7
91 106 24
283 327 2
175 218 18
535 666 90
111 619 66
818 826 15
538 648 43
200 514 18
802 812 10
203 249 1
703 751 64
824 827 80
256 483 39
535 819 35
4 355 86
753 813 97
61 594 81
225 715 49
730 795 39
435 632 84
84 828 95
731 822 90
187 780 53
61 675 83
331 584 14
511 809 67
464 767 15
649 825 25
156 194 30
699 814 23
775 805 80
776 787 78
31 175 61
668 741 81
127 144 58
237 716 34
30 153 34
12 738 1
85 185 100
691 805 77
807 814 78
632 786 61
511 800 19
352 545 68
463 827 76
677 756 84
312 483 11
153 616 80
668 829 75
802 811 92
64 692 23
294 634 4
468 645 65
631 743 51
389 758 83
561 718 92
547 784 85
538 573 69
771 811 71
423 714 44
523 579 58
794 798 17
630 807 8
74 762 3
817 818 17
244 714 86
6 480 48
365 810 97
662 670 35
330 782 15
765 829 76
809 816 52
585 756 100
380 700 83
15 580 40
274 707 45
817 821 58
177 556 34
603 800 58
639 669 7
143 331 31
86 117 71
481 524 75
577 775 3
153 819 88
208 274 43
344 587 1
708 734 74
129 626 54
802 818 35
379 795 99
42 281 46
421 750 4
489 675 27
669 783 27
660 686 65
496 786 83
526 618 18
625 659 38
610 669 99
700 802 92
500 507 34
366 560 65
351 781 99
813 825 75
619 729 64
545 553 84
584 614 24
677 820 97
614 817 8
244 624 65
59 684 57
364 366 45
644 655 2
725 763 7
106 226 53
212 706 19
163 446 82
428 535 38
504 821 6
585 757 41
464 575 98
315 764 86
35 571 45
399 722 47
611 619 14
423 674 59
281 554 97
124 374 59
800 821 74
375 457 52
101 466 58
394 397 14
228 811 87
6 424 74
51 614 10
351 736 7
43 710 6
603 691 49
520 764 64
125 286 97
533 639 15
280 592 67
535 629 55
120 758 97
121 323 8
816 827 62
405 537 94
412 468 80
168 258 61
515 685 59
682 686 18
589 807 30
71 753 67
433 821 50
45 430 29
641 809 14
253 296 47
263 668 1
476 484 94
816 816 11
547 670 4
307 566 75
218 357 4
88 539 1
500 646 7
631 715 82
828 829 5
508 654 17
763 780 69
192 494 54
281 662 96
644 644 10
161 330 88
341 394 41
155 690 35
504 810 61
356 799 50
766 775 41
288 590 52
13 823 3
705 786 81
562 649 12
211 746 85
314 451 15
642 642 75
491 636 36
29 35 43
259 796 84
206 323 77
540 581 83
490 621 56
383 435 65
53 270 3
176 643 79
238 463 96
357 556 99
120 272 79
812 829 49
69 307 68
322 765 55
200 519 11
581 589 85
814 823 92
295 783 40
333 455 40
266 359 33
17 197 33
518 545 44
174 411 24
546 643 52
185 444 50
768 795 50
817 823 5
18 449 36
72 749 90
351 561 71
622 681 8
739 807 90
472 601 49
68 804 6
65 130 5
336 471 26
559 606 100
702 744 5
653 673 60
278 401 9
678 724 78
184 796 68
219 662 25
322 637 34
733 806 18
342 523 72
288 306 51
430 463 7
656 742 50
226 325 24
573 827 97
332 514 7
687 769 95
527 601 8
672 734 74
8 48 51
227 681 76
210 828 94
243 671 64
802 821 96
354 762 82
26 751 62
180 700 12
43 545 92
145 330 20
155 419 36
327 720 30
66 318 43
318 549 33
394 654 30
733 773 53
783 794 27
82 804 53
302 771 20
804 809 39
712 821 89
720 806 93
403 490 33
347 409 54
784 826 14
651 775 21
542 698 23
287 754 48
392 828 40
364 580 3
39 375 94
116 546 44
308 343 2
200 250 36
819 824 91
150 682 69
511 519 95
47 176 2
83 656 51
321 821 33
145 321 30
66 414 90
722 739 27
142 624 77
583 656 81
690 706 99
350 813 41
770 821 93
418 539 15
464 676 62
112 784 97
173 656 17
691 818 77
512 532 61
638 735 75
389 417 56
197 639 56
243 750 84
534 605 65
407 795 55
561 786 2
88 584 18
59 286 96
644 682 85
731 796 40
587 680 27
768 782 78
233 567 81
175 719 13
627 721 98
338 424 51
355 817 54
348 398 54
238 396 90
541 644 99
625 770 82
117 343 28
422 494 97
669 732 86
688 828 61
808 818 17
355 589 51
477 612 70
225 431 12
237 300 17
342 604 56
513 796 26
503 525 32
64 468 9
532 797 1
178 297 37
650 660 11
460 753 8
658 825 62
400 492 6
673 808 62
63 345 39
39 560 35
167 614 4
84 343 21
364 734 10
111 651 6
540 587 83
649 815 35
626 673 13
422 473 73
136 402 80
489 778 55
422 680 97
74 758 58
128 541 14
47 722 72
201 809 36
711 744 32
390 443 28
95 440 10
140 448 21
55 349 91
677 693 89
161 285 70
429 635 76
62 97 29
189 491 88
681 786 58
149 427 64
278 692 39
132 228 82
795 800 17
803 823 5
354 743 86
536 658 36
827 829 71
475 483 68
431 783 10
218 589 14
24 301 9
735 790 71
349 794 5
668 802 21
444 698 36
129 401 15
180 362 8
619 675 62
387 440 51
214 242 81
647 736 87
344 416 61
136 265 98
366 447 75
10 22 8
625 717 11
406 524 22
625 763 45
574 611 94
484 580 90
626 711 7
788 813 25
111 660 59
364 402 13
777 779 68
686 809 87
823 828 51
188 517 61
152 281 11
262 771 58
411 414 57
601 794 62
783 810 5
33 518 9
445 744 99
228 665 4
801 813 86
671 696 12
671 700 95
346 479 59
178 267 51
12 176 47
163 758 8
315 604 48
612 642 26
300 815 19
246 722 26
660 764 33
746 787 81
388 776 86
173 185 70
250 644 82
246 298 98
435 614 84
327 625 48
205 271 75
781 828 36
668 730 68
249 583 100
197 431 78
329 523 66
230 315 98
801 809 70
112 828 99
375 528 95
569 779 83
533 734 80
804 829 15
383 566 81
117 192 63
88 572 28
604 765 23
224 591 47
92 777 42
729 794 59
215 626 58
734 779 31
253 520 58
526 824 53
170 555 22
213 346 19
339 704 3
685 827 90
816 821 60
487 791 89
405 711 68
223 306 26
405 774 3
406 616 29
58 705 12
514 559 64
647 687 61
354 377 81
707 708 66
306 313 37
803 806 72
489 633 7
102 666 65
183 800 98
210 261 83
793 793 35
779 808 27
137 416 23
10 613 77
520 578 21
337 687 96
415 426 48
542 788 24
801 829 36
679 798 18
773 820 84
147 619 83
613 656 86
700 714 47
339 614 64
446 735 79
571 737 54
652 809 47
384 549 50
234 538 49
443 478 5
297 488 2
351 607 9
39 671 47
143 658 5
545 694 72
399 424 71
319 395 40
536 638 33
694 768 65
221 646 1
301 723 41
740 745 97
118 568 2
218 244 41
20 251 1
785 794 3
491 559 71
764 810 81
593 672 87
341 544 21
183 659 22
363 363 89
37 667 55
319 699 82
788 819 43
754 775 89
576 823 10
68 702 65
800 806 57
72 383 29
433 595 63
450 592 53
489 568 18
401 645 80
260 564 81
797 810 31
566 761 37
533 720 16
354 519 23
407 464 67
206 327 90
204 829 80
339 435 76
184 583 17
333 620 40
265 356 80
776 820 53
576 720 67
557 744 10
787 813 75
545 659 60
283 568 69
810 812 31
511 605 91
532 580 94
118 585 8
320 710 97
20 806 64
781 794 60
300 315 72
69 622 94
252 578 53
820 826 17
350 441 15
688 785 10
166 530 54
554 605 3
576 778 34
744 807 38
407 781 5
446 716 43
740 817 48
263 535 95
348 503 11
523 691 5
339 656 71
717 824 80
24 539 70
420 559 84
340 713 61
556 583 25
454 743 18
308 821 26
46 630 36
1 659 53
826 828 79
736 769 12
657 694 45
175 568 79
576 718 40
806 806 66
502 811 42
454 550 97
333 491 91
67 264 90
654 717 78
504 712 76
184 560 33
125 394 9
85 326 78
779 797 70
180 460 82
736 789 43
307 707 94
438 612 95
769 809 23
117 486 78
96 164 43
414 812 52
504 651 85
347 372 10
280 366 47
682 688 41
513 708 7
607 709 1
805 812 76
337 463 40
238 397 98
228 682 98
327 696 47
472 594 80
647 767 1
73 570 70
194 207 54
707 756 45
400 827 43
276 321 41
303 474 28
667 701 80
496 633 30
476 702 69
133 660 59
522 760 21
143 599 58
397 652 30
512 762 31
172 569 12
202 760 21
643 687 38
713 798 14
780 782 66
298 454 77
745 806 17
474 520 78
87 568 1
636 722 22
605 757 7
761 790 72
264 722 13
704 706 22
538 687 23
778 825 4
702 799 44
398 403 8
462 547 62
515 554 15
807 812 11
672 819 79
620 750 76
31 274 82
236 523 22
381 602 81
620 760 12
408 672 46
591 790 100
816 829 69
643 742 86
799 803 75
678 730 17
528 726 50
702 735 92
425 519 74
523 532 47
701 772 93
815 816 13
273 705 59
603 696 34
433 538 14
102 343 98
113 825 93
769 825 41
27 390 24
219 440 2
809 818 25
752 819 62
116 164 76
313 801 61
798 822 82
406 751 34
407 734 58
638 643 95
492 741 79
292 829 10
51 516 43
570 605 23
80 634 15
148 281 68
48 56 94
177 787 11
677 768 42
216 342 94
37 85 43
58 396 88
766 783 29
710 754 54
530 636 4
214 703 79
663 676 65
122 444 67
721 827 40
195 641 47
185 255 7
540 730 86
680 683 87
146 678 62
42 96 67
532 692 34
429 607 75
238 253 35
346 708 93
643 776 43
704 803 28
817 827 31
627 815 66
233 459 76
392 532 48
596 772 24
285 570 44
27 467 72
749 768 68
361 730 38
610 660 98
767 795 19
159 582 58
209 486 86
238 701 87
371 804 26
139 426 44
12 90 1
358 745 17
271 604 29
65 470 38
688 780 49
782 817 60
252 474 99
179 206 59
35 376 76
575 816 29
788 788 45
144 154 79
405 506 97
804 816 96
825 826 73
394 691 83
594 614 79
27 220 70
648 661 91
540 552 49
214 680 29
463 542 80
144 716 44
403 497 30
400 404 65
72 436 56
309 734 7
14 590 71
143 725 84
352 368 1
522 800 68
28 423 77
119 629 91
703 781 13
147 686 17
666 745 89
518 593 85
611 665 31
698 729 82
133 442 17
102 182 85
794 804 43
630 666 100
545 825 48
500 690 51
330 638 67
107 522 87
389 581 17
816 822 56
154 722 83
245 606 40
729 747 25
699 780 56
539 572 75
397 501 98
509 687 80
652 787 18
249 600 22
434 609 96
210 296 1
413 680 39
410 604 82
205 688 39
681 765 49
437 616 30
261 509 46
793 801 45
295 322 6
113 769 41
721 740 43
742 762 1
222 279 44
724 771 51
77 824 32
174 728 83
760 773 96
803 817 53
564 569 79
381 765 93
58 582 96
566 591 49
474 735 45
660 754 83
31 84 29
683 812 34
347 826 96
355 382 39
619 757 10
273 511 9
475 677 57
453 565 72
50 703 42
802 825 91
322 729 12
638 769 97
681 688 60
284 483 84
430 675 86
626 821 66
548 620 57
135 489 76
143 445 90
204 502 54
478 749 39
261 529 63
85 588 8
530 676 42
562 781 93
481 651 20
458 731 71
562 732 89
676 703 57
379 559 99
23 600 11
163 187 15
458 684 8
374 590 100
72 386 76
596 782 60
781 805 51
655 799 18
603 779 28
709 802 5
591 724 28
59 723 85
220 603 40
747 748 78
359 767 19
530 534 69
755 770 24
105 583 12
92 683 29
387 778 94
197 285 17
802 807 76
14 784 92
541 569 1
511 699 44
608 736 28
219 290 34
652 800 73
698 796 35
259 621 14
546 700 12
16 804 72
471 792 41
799 810 1
101 611 52
488 517 35
752 781 65
168 577 27
307 310 68
251 450 80
66 582 81
196 327 100
116 739 63
207 519 85
804 814 70
370 554 62
463 725 68
46 210 56
716 725 68
765 803 100
334 479 98
175 298 63
537 765 82
192 442 13
79 662 50
522 695 40
821 829 61
714 726 58
401 575 84
740 743 75
686 739 49
73 160 17
645 815 62
687 825 29
464 656 8
514 799 74
93 113 45
362 403 84
589 754 15
485 654 65
507 765 98
132 558 47
384 765 34
487 495 42
622 798 28
19 647 4
482 562 6
438 808 2
24 823 67
162 451 78
231 565 18
150 321 7
280 431 79
424 628 25
797 809 1
12 344 55
462 464 23
220 498 2
284 498 20
168 208 62
606 824 79
688 736 37
441 756 39
267 505 4
547 571 20
472 717 67
23 404 63
690 757 55
712 740 76
169 176 35
244 318 74
354 721 31
141 150 76
759 795 22
569 800 15
272 686 60
482 670 33
14 375 12
134 316 53
616 734 27
545 775 1
302 346 30
11 473 97
37 526 24
561 692 81
340 498 80
789 806 59
405 702 62
695 720 41
798 819 24
223 377 51
295 538 83
21 421 51
45 725 71
576 661 89
154 183 50
218 247 87
254 403 72
452 606 26
566 718 29
320 599 98
568 731 12
228 278 79
84 301 21
242 291 24
120 738 8
733 741 71
0 824 42
264 710 83
211 742 8
240 674 38
532 807 50
780 804 55
620 828 37
436 618 79
530 599 69
759 818 15
662 666 49
655 683 33
297 426 88
320 460 39
101 171 80
522 708 61
29 73 13
521 733 88
451 816 5
150 434 93
250 355 81
615 821 92
116 731 89
65 747 92
190 615 93
57 57 2
472 619 23
234 636 10
567 685 48
667 691 30
193 267 17
193 577 45
372 637 20
183 827 60
713 765 26
287 509 86
814 815 74
138 537 65
127 566 67
433 559 30
427 494 32
561 789 44
411 815 19
83 449 77
290 615 65
322 466 75
678 747 84
358 360 91
80 96 45
109 390 78
795 805 42
288 396 28
135 511 18
725 828 56
737 789 100
219 338 56
429 655 68
825 828 74
231 792 18
677 761 54
331 355 14
622 738 39
72 708 24
455 537 4
492 573 57
124 784 80
714 721 44
136 543 17
92 611 51
602 811 79
749 824 51
403 445 96
623 705 70
566 628 29
206 238 92
436 501 98
411 765 42
320 674 14
127 711 16
235 680 5
316 739 56
121 759 26
382 443 2
160 187 19
30 498 44
174 615 75
811 815 13
103 641 94
478 772 88
665 725 23
422 756 82
416 753 56
529 808 17
335 807 86
80 802 82
177 780 8
421 636 90
780 810 88
351 439 40
190 348 95
431 704 2
366 535 67
295 510 26
557 588 79
811 825 83
572 779 97
446 738 36
727 773 1
522 572 78
447 783 7
316 556 14
710 801 25
212 819 33
636 813 38
386 765 94
332 581 6
231 491 41
124 758 35
661 771 54
368 423 87
383 429 46
324 724 49
732 818 94
425 520 90
6 650 20
730 803 77
437 643 59
773 814 95
766 778 73
492 740 17
5 648 12
552 743 24
191 204 11
561 680 75
819 828 46
52 97 36
401 482 53
525 544 26
84 452 1
521 530 91
440 563 80
72 215 77
129 300 95
565 827 58
82 179 30
732 793 29
649 682 78
769 811 25
651 803 72
711 828 96
228 388 87
577 639 82
45 564 53
695 770 35
753 758 31
71 190 23
128 545 80
529 747 80
62 494 4
746 796 20
116 389 33
563 637 49
357 513 77
415 621 99
157 465 37
195 472 63
202 366 26
118 485 95
247 339 87
349 778 77
269 411 5
760 795 68
486 519 59
525 603 89
534 630 45
705 781 78
186 769 14
422 776 92
757 778 37
149 437 86
474 570 78
697 799 84
149 820 60
628 781 54
524 671 53
505 656 11
293 363 95
222 750 68
404 772 79
730 805 36
67 271 24
285 486 39
499 703 83
593 733 33
442 723 60
738 801 73
282 412 89
188 698 87
75 712 60
523 527 91
687 728 88
417 710 35
152 676 84
678 685 3
70 108 21
686 691 4
315 423 77
595 730 64
422 829 93
616 828 56
676 806 81
196 388 2
322 625 6
445 766 22
650 778 73
628 686 91
481 544 35
447 795 18
279 805 78
411 686 85
235 817 96
386 391 54
473 780 42
675 719 53
68 207 49
109 625 34
700 781 10
159 208 77
745 749 99
115 384 9
827 827 92
422 733 27
622 639 84
6 378 20
497 828 97
459 675 50
106 257 76
807 816 70
303 704 22
622 790 54
500 621 15
624 671 58
218 387 23
145 575 75
736 788 17
246 745 76
113 413 82
52 521 34
720 807 18
597 667 79
135 602 94
232 653 46
718 795 81
407 805 88
797 816 53
496 711 51
420 525 5
742 815 88
141 489 11
240 762 63
668 800 51
279 522 68
306 412 22
791 794 19
250 566 47
196 266 80
249 728 81
22 176 3
265 778 40
56 742 81
225 550 34
103 561 4
167 793 6
196 505 72
480 695 2
601 613 67
418 599 92
442 720 87
722 824 11
214 350 29
327 398 32
805 827 22
308 388 61
280 281 53
425 451 7
330 529 63
172 791 91
506 538 4
770 795 98
115 375 70
192 234 78
550 716 19
211 645 15
324 467 75
626 775 66
397 661 11
715 804 50
31 211 85
289 395 84
264 285 62
358 748 21
519 647 53
147 724 48
15 618 30
55 361 97
420 679 75
626 678 68
303 739 8
640 662 11
120 426 55
206 806 43
570 591 50
26 758 56
280 657 61
604 751 90
430 477 25
422 642 96
130 518 4
40 686 79
295 321 63
606 769 72
786 829 21
162 637 32
141 803 95
627 763 95
239 742 52
167 705 71
498 684 62
673 694 46
797 823 44
408 798 18
117 795 42
812 823 81
150 255 20
821 826 50
47 422 29
692 739 6
468 732 97
581 732 59
407 484 82
76 757 12
150 712 27
786 826 81
238 475 48
716 822 10
530 810 96
39 547 63
603 661 62
356 592 98
644 745 26
812 817 19
487 596 50
208 271 42
688 799 73
354 731 56
341 643 20
565 650 95
151 288 64
741 747 61
186 803 48
695 814 75
79 689 70
637 724 87
331 361 41
368 786 88
329 631 61
164 261 37
387 573 72
265 755 89
594 749 16
89 297 97
180 571 52
39 347 55
345 350 82
146 613 77
162 266 78
294 532 13
105 667 76
389 810 18
649 674 77
23 510 82
665 719 22
514 637 2
628 784 41
482 527 93
419 650 76
221 263 33
633 705 96
509 604 80
336 714 27
500 668 79
736 787 33
360 680 40
751 759 64
243 396 87
121 711 22
736 746 38
695 747 86
598 644 6
751 815 85
366 632 88
477 488 59
366 742 60
540 813 26
624 815 55
710 733 42
529 760 51
696 727 43
479 821 22
819 827 26
377 740 43
689 771 88
42 159 46
112 767 56
575 730 68
46 748 11
305 340 47
370 473 78
333 410 58
18 441 88
813 821 27
342 771 8
165 376 21
347 597 65
449 675 19
618 787 84
110 111 60
346 583 27
659 691 24
189 670 3
155 340 99
648 760 82
522 596 100
14 622 81
107 567 20
399 455 57
292 696 78
191 355 9
488 543 5
369 659 45
796 799 59
126 210 10
22 413 46
325 578 2
310 566 93
592 747 19
142 493 93
181 513 78
560 718 15
569 654 97
65 98 46
292 380 15
49 125 40
515 638 90
272 706 6
293 654 42
295 603 64
262 659 21
183 770 28
456 458 21
261 451 47
706 813 64
459 513 22
440 668 67
315 572 19
497 553 7
71 166 44
693 707 82
735 815 90
493 787 83
251 522 22
175 776 42
332 519 78
422 827 80
136 616 72
710 767 31
97 464 63
141 290 2
657 721 87
55 433 50
514 758 20
423 582 26
758 828 85
431 749 9
302 514 82
31 55 36
474 639 65
31 337 18
120 645 10
456 468 35
284 494 54
474 796 52
698 765 98
52 112 75
745 782 12
434 494 30
657 669 23
559 735 27
145 694 68
168 512 90
519 683 22
173 446 100
509 527 83
469 610 59
42 443 37
56 634 35
668 825 58
532 620 52
499 658 24
471 604 29
449 451 46
349 588 97
302 821 35
26 436 7
154 646 27
529 736 90
684 759 48
502 690 33
759 826 58
128 434 13
316 514 28
598 625 12
394 480 92
466 560 14
524 558 28
237 519 69
2 265 59
659 816 17
662 701 47
404 440 14
61 186 55
526 730 5
698 781 19
301 305 47
824 828 87
138 347 55
478 614 75
692 741 49
431 788 55
176 231 16
369 806 64
44 804 2
784 791 39
484 748 63
81 562 8
708 809 43
223 657 55
10 669 79
206 306 29
348 635 36
760 794 61
434 662 76
333 450 15
721 773 83
809 811 72
336 375 43
686 759 78
50 659 34
92 365 28
478 496 48
645 733 62
585 803 58
357 562 46
317 344 48
531 783 65
178 652 5
531 697 14
342 385 34
563 739 17
290 361 17
789 827 7
78 798 28
814 820 62
287 560 92
82 645 56
103 278 27
381 403 15
415 771 58
683 757 61
242 806 76
785 802 49
564 693 89
749 792 92
509 596 25
785 826 41
10 805 69
281 320 49
331 804 13
381 452 67
720 779 14
438 736 72
658 679 42
63 75 71
713 820 39
627 748 71
586 795 9
338 545 71
478 818 24
288 611 94
437 732 98
204 796 78
599 688 56
745 793 93
519 719 97
196 794 13
215 418 7
548 707 64
338 756 49
524 545 1
420 431 30
129 205 26
578 680 35
753 757 68
757 773 23
617 771 53
71 553 11
221 249 45
595 672 51
456 668 64
588 640 45
298 635 90
421 515 42
344 662 14
65 331 67
734 739 42
246 669 11
698 722 3
626 755 96
591 738 11
600 639 26
379 430 3
247 316 28
207 365 61
278 520 76
502 768 44
167 571 35
451 628 18
221 353 56
702 763 71
335 821 79
114 253 10
593 803 40
10 470 98
591 606 31
342 612 15
758 811 12
99 471 66
219 690 20
458 519 41
780 813 86
668 714 6
20 75 11
491 787 53
816 819 57
330 718 59
138 492 52
123 670 82
484 757 11
550 670 3
384 596 89
183 410 74
89 191 7
671 755 30
699 823 97
530 624 43
466 761 62
531 701 99
407 578 3
487 776 30
101 664 48
56 451 50
249 720 57
629 670 77
318 483 76
702 766 76
579 688 68
755 761 98
663 674 35
565 801 78
404 586 70
170 812 50
34 133 64
371 524 76
371 621 21
468 683 15
234 690 9
613 706 21
563 666 61
720 814 31
535 633 84
277 525 42
722 815 69
314 399 39
691 811 32
24 157 60
636 729 49
659 704 95
708 737 31
694 696 98
393 723 85
64 419 93
651 700 78
479 507 1
103 343 54
421 751 40
284 663 38
740 775 39
781 798 49
581 741 28
632 637 65
756 772 18
296 716 47
483 498 34
2 551 2
537 671 91
527 662 9
336 395 10
483 554 49
158 315 21
285 605 18
267 809 54
170 687 94
719 810 83
373 420 3
787 821 47
266 410 64
297 463 86
264 515 83
562 669 97
713 787 48
482 726 68
35 591 91
799 799 36
293 627 91
629 719 9
672 802 47
685 723 93
307 726 46
349 552 79
721 747 85
167 741 100
345 382 99
140 754 12
806 813 40
381 537 66
37 581 20
733 765 29
655 764 15
743 814 22
637 776 60
578 660 76
107 620 94
259 522 88
169 526 91
63 404 34
438 622 13
785 788 100
746 804 65
127 555 2
816 824 99
79 363 61
23 309 57
495 550 16
93 475 8
132 132 93
510 722 57
347 398 25
549 728 41
311 443 17
40 114 8
288 770 86
104 148 49
700 764 73
261 585 50
408 789 53
399 684 34
694 821 75
173 465 15
428 733 12
509 806 10
573 723 91
150 297 82
568 602 79
251 465 83
526 701 27
456 658 89
199 502 41
758 817 13
71 291 5
514 530 94
696 737 95
303 647 36
532 677 25
395 784 50
306 351 75
730 742 7
424 497 92
500 616 56
153 262 64
166 596 62
761 781 75
529 670 28
581 649 83
632 812 81
250 254 25
675 800 63
289 326 2
264 670 7
191 306 76
655 785 13
682 793 59
73 792 72
341 807 73
670 694 14
532 769 53
502 584 85
748 787 88
303 462 43
266 617 46
339 453 98
233 648 37
744 754 87
770 809 45
31 818 93
764 829 32
732 739 83
2 483 54
677 753 68
354 404 62
43 617 61
545 617 31
743 808 12
126 592 73
599 728 25
516 778 33
662 756 72
316 802 27
434 571 38
317 635 56
363 666 82
288 531 48
655 701 82
254 430 36
391 564 38
47 542 57
2 416 69
400 711 98
24 781 23
545 732 82
559 576 9
140 766 47
389 739 55
545 595 39
465 662 3
695 750 8
350 806 35
330 525 64
697 743 99
693 744 16
425 590 50
207 255 26
222 479 11
371 618 60
668 710 63
267 577 12
31 550 82
419 805 44
526 793 85
231 746 74
583 734 30
183 738 94
17 173 11
454 691 21
542 670 1
76 341 55
296 765 66
606 613 51
394 494 38
640 783 100
763 774 64
157 197 44
53 237 35
408 671 66
182 726 78
744 803 35
458 727 25
646 710 16
126 622 32
345 516 9
729 814 29
334 455 49
175 386 93
280 450 51
485 773 78
521 672 50
127 437 33
618 828 99
109 439 22
355 420 71
546 794 24
266 382 67
158 339 39
290 694 55
646 814 85
792 800 26
28 605 48
409 638 13
677 748 60
387 753 40
161 808 43
75 683 93
168 445 76
81 245 52
751 803 1
100 728 32
190 645 59
515 723 36
491 753 53
307 479 90
2 448 22
354 697 34
221 810 12
484 565 88
354 620 24
315 794 74
662 669 46
152 602 58
627 829 63
501 518 91
569 743 74
717 791 1
79 523 64
660 721 12
732 734 47
791 829 11
602 722 44
203 340 61
68 296 93
775 811 3
684 749 18
380 452 30
512 739 46
568 625 61
496 518 46
341 513 31
44 502 60
418 448 48
71 780 5
529 593 67
764 815 6
492 529 12
202 452 62
476 637 63
70 370 77
745 762 37
40 411 26
475 810 81
743 826 96
593 771 70
20 175 8
247 780 65
3 806 83
403 606 6
238 322 39
334 643 29
107 755 44
156 425 18
8 609 69
608 731 37
552 829 55
753 815 18
127 365 1
299 556 4
525 600 95
723 791 47
565 595 52
616 712 82
190 539 83
530 595 94
185 300 67
14 614 92
142 743 85
449 462 33
679 757 37
72 390 71
301 803 88
727 809 73
6 325 68
522 713 78
531 551 8
22 34 28
374 622 78
146 293 34
231 243 41
425 445 18
92 126 7
150 366 24
294 770 20
688 756 32
734 763 59
739 801 75
474 726 39
96 656 30
376 513 36
223 646 18
389 621 24
748 763 71
423 722 70
150 805 78
768 821 45
197 588 16
425 697 39
502 660 12
260 431 65
463 813 60
737 777 74
443 482 99
276 477 96
529 789 83
810 829 22
144 334 53
239 658 12
211 299 97
466 582 92
430 660 10
623 736 83
345 814 25
202 709 84
257 425 89
343 439 69
524 698 41
718 810 14
339 724 81
487 688 9
334 512 100
645 689 77
130 592 84
424 762 91
573 578 99
294 336 64
400 814 28
45 181 37
342 758 93
632 685 24
424 569 81
812 820 16
722 797 40
268 434 83
409 771 38
84 813 37
823 827 80
213 697 74
509 738 15
761 784 89
226 356 82
461 660 80
631 756 79
444 793 81
125 619 61
576 668 72
395 756 47
308 609 97
218 265 92
0 335 59
471 674 64
775 802 87
511 618 86
656 743 93
823 823 46
648 708 62
493 651 36
725 795 21
564 796 86
133 500 52
164 452 38
144 426 1
64 610 81
71 404 14
468 488 99
573 782 33
146 431 43
563 691 99
352 818 56
122 515 77
747 769 55
485 708 96
147 656 16
50 322 37
439 585 52
82 593 2
29 427 45
513 534 69
792 804 95
72 695 63
608 670 40
467 601 55
238 298 5
399 506 47
146 591 22
112 428 47
370 429 79
344 387 89
385 647 61
382 481 22
674 760 62
675 813 16
674 763 75
313 769 9
824 826 4
672 720 22
645 708 1
9 772 72
821 825 31
173 493 76
373 770 64
286 495 53
763 772 43
272 827 7
395 510 35
546 779 10
133 495 100
52 485 21
417 609 47
303 638 19
408 644 41
660 674 92
314 546 34
170 315 79
161 408 19
404 598 32
361 785 43
753 792 72
56 640 29
772 795 92
824 829 32
409 492 82
14 232 52
360 374 21
445 696 46
15 659 23
68 366 58
755 766 54
129 696 24
423 564 11
684 794 94
104 513 44
646 720 7
543 650 66
465 564 85
280 820 64
75 378 29
787 792 70
563 574 32
681 693 3
112 497 54
510 632 36
697 741 16
22 31 53
90 717 43
712 713 28
675 708 72
521 800 65
204 800 62
195 367 99
60 322 51
795 816 27
604 769 96
74 525 11
620 798 42
68 777 66
737 782 96
626 702 26
383 578 76
90 335 74
90 412 51
554 581 68
554 721 99
301 450 51
49 67 82
270 614 82
313 736 62
700 741 3
439 775 47
669 711 98
663 697 99
399 785 42
630 687 48
432 637 81
804 819 41
659 706 33
482 674 33
348 802 85
250 765 2
389 774 81
518 610 55
263 333 4
731 774 1
229 350 82
171 621 60
149 597 74
351 469 72
574 605 81
649 680 74
658 667 1
563 614 21
738 740 11
350 637 45
532 608 4
200 288 94
795 824 9
86 381 98
392 449 2
421 585 42
663 673 74
742 783 15
41 45 35
204 522 34
657 827 69
345 401 10
187 540 32
482 524 60
519 539 46
694 732 23
366 460 91
609 703 55
256 549 21
565 640 39
787 805 27
596 788 60
595 666 89
621 760 71
299 632 20
71 794 7
736 780 84
703 709 55
763 795 8
301 768 32
416 461 50
731 785 8
629 725 90
329 476 51
73 474 6
669 766 55
277 800 58
161 468 71
73 416 62
733 736 25
495 813 77
31 721 96
156 543 58
475 741 37
685 744 21
450 561 42
685 698 78
458 635 98
111 688 31
759 785 22
40 637 72
461 542 64
591 762 36
640 749 92
468 775 36
110 252 11
223 361 84
385 666 100
36 488 63
326 590 84
389 688 50
156 768 78
793 794 93
766 801 40
597 814 22
442 518 65
327 641 81
283 303 72
68 642 49
283 646 96
90 610 41
27 422 45
397 674 34
216 358 71
744 747 75
389 695 99
756 790 67
639 674 42
819 820 23
554 645 35
597 660 55
543 683 56
674 773 23
573 726 33
229 322 84
91 701 91
441 501 35
506 783 58
725 818 22
22 72 33
391 442 91
745 791 45
555 680 67
0 501 4
684 827 50
209 214 19
95 174 35
687 793 47
699 735 33
342 471 35
324 364 24
550 704 70
123 791 9
548 748 36
712 795 87
212 731 3
172 496 52
450 664 16
80 606 24
225 567 80
658 775 50
98 554 38
357 552 51
98 250 44
250 354 44
745 817 24
611 783 56
4 569 36
660 786 73
92 108 97
495 728 65
170 453 76
709 804 5
236 795 53
737 763 78
465 790 46
361 474 2
566 766 51
582 814 13
77 265 37
777 823 48
101 473 28
255 305 68
674 771 26
262 507 29
431 586 13
466 564 93
239 691 1
436 556 37
642 738 95
177 725 37
461 516 12
158 571 96
597 666 21
139 339 80
528 677 70
567 775 80
485 767 73
364 639 10
498 749 19
14 269 1
777 786 76
410 684 78
771 791 27
771 790 67
331 393 9
655 813 72
747 749 51
168 318 30
446 494 3
111 695 48
235 785 53
106 727 82
209 219 30
183 435 62
253 668 68
317 829 23
613 716 23
135 679 61
784 805 49
309 439 88
254 593 62
706 759 96
727 810 53
194 552 14
108 419 93
611 786 33
504 519 92
15 751 28
690 773 100
359 680 55
420 797 33
195 789 27
145 322 39
197 797 29
761 797 33
276 280 41
4 223 70
678 750 40
4 719 90
521 710 25
191 323 90
416 482 16
181 732 82
37 532 48
112 592 13
298 563 77
433 666 14
269 567 70
815 828 47
143 395 42
656 828 8
197 263 96
520 753 43
756 821 19
134 229 64
501 598 50
669 703 9
754 807 46
121 153 22
786 822 14
805 829 1
792 812 98
517 707 61
63 182 42
154 427 64
596 827 50
543 639 78
456 627 68
380 463 52
319 350 15
754 757 28
289 442 2
777 784 58
732 772 7
122 544 40
110 448 93
121 317 12
536 565 10
700 734 29
61 227 25
128 519 94
134 692 2
666 670 83
322 679 27
625 674 3
488 735 31
17 625 68
311 492 92
545 611 76
250 274 71
486 735 60
385 563 16
553 694 83
65 741 13
774 783 34
3 766 58
508 558 83
637 646 14
717 815 55
101 185 87
694 712 54
268 823 80
212 829 63
134 421 78
207 457 84
76 402 52
734 742 48
801 812 24
701 814 77
479 531 79
556 589 92
119 120 12
362 728 93
348 455 43
693 718 10
566 793 94
531 544 12
520 539 55
713 775 37
297 648 42
379 528 81
109 804 28
464 763 40
304 522 9
328 694 80
162 446 88
397 721 90
99 292 17
812 814 41
503 676 37
10 333 99
732 762 94
238 319 69
802 804 31
247 649 93
450 465 52
122 179 93
616 665 27
577 714 41
26 465 84
626 706 2
68 331 57
680 782 63
581 740 13
618 706 16
292 820 50
48 558 97
554 708 11
292 381 76
16 93 4
347 529 25
84 732 74
103 294 7
133 817 86
315 341 68
547 685 76
586 811 99
645 677 3
164 297 6
536 826 34
435 455 68
217 454 25
643 728 60
248 737 23
593 815 29
547 623 23
344 411 95
716 808 92
773 822 6
497 584 3
368 599 77
200 644 38
3 668 40
432 575 54
661 756 4
74 670 68
117 194 87
759 797 72
556 593 61
258 756 32
311 458 62
749 822 7
58 651 94
297 466 19
100 682 63
167 481 19
733 812 65
566 623 84
42 504 73
771 774 84
266 779 62
404 523 10
510 529 93
29 609 66
732 743 60
414 612 72
624 644 79
729 773 38
679 694 29
811 822 26
275 322 47
266 578 43
600 772 79
332 503 57
665 705 4
218 544 65
562 787 92
814 821 20
813 826 5
167 173 61
647 815 95
486 617 85
645 819 86
344 501 20
41 488 13
220 340 96
411 479 42
231 804 46
790 816 35
713 744 40
631 817 66
19 427 59
1 558 92
244 818 34
397 555 90
396 566 76
250 460 60
243 801 99
609 792 25
452 793 74
329 544 52
826 827 65
413 724 28
121 528 11
133 810 48
698 717 100
504 828 95
382 492 14
261 406 40
365 638 81
640 697 48
270 796 6
432 628 26
504 699 79
416 718 4
422 526 45
687 757 51
644 693 11
181 815 67
795 828 48
169 494 49
172 727 86
521 739 62
698 769 55
236 305 84
273 637 100
15 460 55
463 736 12
664 725 97
526 641 40
613 658 41
416 761 40
698 777 20
182 390 31
222 391 40
551 741 21
517 522 30
524 691 10
433 616 84
809 812 64
439 586 69
159 164 78
22 285 60
337 540 5
265 776 11
787 811 33
79 344 73
554 672 92
133 433 5
723 795 13
74 167 22
166 438 94
342 651 38
319 767 91
747 758 100
77 161 35
77 235 72
316 748 14
517 695 38
354 476 4
734 812 25
708 796 6
115 436 34
133 385 8
13 599 95
145 637 92
683 683 10
166 815 23
427 763 9
710 766 30
772 813 95
152 732 96
377 415 37
442 496 50
411 817 25
575 709 77
229 625 68
770 801 42
257 638 74
689 701 64
330 773 32
703 817 76
633 820 96
137 740 80
389 751 13
357 700 33
20 474 89
139 370 73
64 642 63
798 803 79
568 760 41
363 433 63
415 473 33
365 403 36
128 712 14
27 653 68
309 467 99
353 367 51
162 175 48
418 718 15
339 668 64
519 709 13
432 720 41
622 665 21
516 528 4
392 653 19
277 697 34
412 560 70
220 529 86
674 675 76
692 721 60
725 815 43
122 623 1
189 632 21
528 617 34
212 295 59
102 734 29
65 513 64
806 814 64
19 796 52
524 780 42
436 659 67
332 342 69
680 822 76
97 180 44
646 722 79
620 815 52
82 111 77
576 738 75
295 734 88
384 683 50
161 164 100
250 654 74
789 817 4
543 679 30
53 468 10
35 597 71
683 718 24
184 660 72
275 341 2
484 723 88
655 692 25
319 603 69
683 795 57
477 735 89
256 661 79
2 331 27
733 748 59
412 828 47
415 728 24
396 414 96
413 423 40
492 564 17
455 507 70
393 616 3
323 609 94
568 695 32
216 539 47
647 794 38
83 779 57
154 426 15
589 638 15
499 551 85
428 728 85
149 557 82
752 820 71
304 474 21
782 782 3
331 433 28
388 419 52
623 798 44
288 345 38
729 779 91
176 497 23
343 357 10
435 635 68
559 682 69
825 827 20
680 765 77
539 634 17
482 813 91
444 828 96
206 536 55
189 654 24
453 573 72
575 799 90
309 385 53
480 482 87
22 382 97
675 755 88
92 167 83
458 629 13
91 421 65
435 638 86
217 703 95
686 726 10
692 828 29
110 266 89
787 814 2
281 531 12
9 679 48
183 498 61
575 609 66
784 796 68
395 596 22
9 773 6
775 790 69
598 804 93
270 281 5
422 454 37
630 705 74
43 620 31
483 568 16
783 805 28
533 819 85
177 259 96
391 664 89
757 795 16
167 285 7
230 302 27
229 493 33
16 164 57
296 690 99
417 468 23
61 392 66
749 779 31
585 615 64
809 824 43
311 464 6
92 274 6
139 716 46
485 558 86
334 714 76
710 775 11
61 223 7
703 714 25
47 568 25
345 492 22
815 829 79
299 688 16
558 732 78
473 551 78
496 613 77
230 597 89
715 816 62
16 677 30
641 719 14
30 491 18
272 470 53
283 567 24
768 802 96
335 348 86
363 712 19
342 807 20
632 742 25
355 355 94
422 765 56
62 449 80
198 606 25
761 808 47
151 370 50
705 763 50
579 771 22
263 792 81
55 491 26
469 634 32
751 773 72
9 472 35
252 317 28
512 712 60
639 671 38
567 629 9
603 610 23
583 653 63
656 773 37
741 755 2
201 777 13
777 789 17
320 484 37
429 512 14
698 735 79
566 638 87
563 781 12
794 805 92
245 489 41
628 688 61
143 248 54
212 492 17
637 645 90
432 508 91
433 560 61
32 335 49
222 553 18
489 788 17
70 649 35
220 747 3
478 599 29
142 505 58
251 569 71
111 609 74
753 801 65
207 499 46
448 636 6
402 559 92
544 736 67
440 558 18
397 736 55
400 533 59
667 687 77
271 400 19
145 605 79
456 638 10
777 815 18
473 713 70
788 824 40
584 692 35
267 512 90
549 629 47
153 159 20
653 721 82
227 412 98
56 582 60
661 802 87
240 263 20
826 829 66
94 293 99
108 354 44
367 470 75
381 738 20
476 540 45
462 497 71
187 249 53
618 713 18
96 779 11
531 619 86
378 459 86
247 799 27
809 817 31
752 826 5
25 719 93
652 751 24
284 454 39
640 690 79
295 730 18
793 806 86
291 573 76
127 742 40
123 164 14
229 771 3
361 546 29
272 365 47
650 762 14
606 634 41
640 751 85
706 736 55
725 764 83
18 518 23
141 592 15
87 109 54
746 759 88
303 551 75
342 596 74
377 718 47
753 824 55
521 639 72
573 812 12
163 622 85
29 611 68
153 309 76
723 783 28
488 824 99
235 510 9
129 384 18
553 783 68
340 757 9
522 585 97
101 665 87
178 285 33
259 403 64
212 642 63
534 620 64
536 569 42
462 817 13
139 827 94
534 672 76
752 777 29
652 747 39
159 694 39
637 660 62
378 593 8
24 753 24
435 517 42
169 685 12
697 707 19
164 678 56
710 762 90
725 810 62
400 677 32
285 598 28
455 521 10
368 516 77
645 697 61
379 457 38
719 783 12
720 760 81
19 175 62
535 557 28
428 435 97
813 824 59
319 500 35
535 560 32
279 299 50
93 701 29
529 541 31
161 454 90
566 717 83
168 549 88
6 64 50
727 736 62
405 636 9
271 658 69
760 761 1
468 600 21
89 335 25
280 312 63
304 822 100
225 693 1
379 779 67
235 673 82
68 113 93
294 361 18
171 421 26
155 524 45
160 726 26
241 682 54
574 770 12
53 256 99
373 730 40
81 265 58
464 630 42
711 767 11
538 718 95
218 665 46
149 742 76
394 518 53
87 675 11
58 790 23
185 363 38
485 579 27
818 827 13
98 452 82
239 807 26
493 776 3
589 803 21
760 781 46
431 726 37
348 402 18
97 651 48
82 565 73
692 808 4
240 701 79
747 766 6
9 48 100
732 822 86
716 763 97
449 542 13
769 773 76
21 670 83
219 538 66
375 558 30
584 616 45
816 823 31
801 820 2
235 243 43
417 495 16
658 770 78
257 792 2
77 558 34
401 562 64
10 788 78
347 422 52
806 809 19
285 322 12
539 827 65
614 676 29
657 784 62
719 756 10
348 386 53
231 422 95
401 580 61
500 519 30
592 749 30
246 567 94
466 820 40
707 739 61
337 530 61
432 639 44
631 695 89
502 585 96
540 566 15
277 343 72
487 609 52
262 295 97
753 784 69
147 223 46
307 743 36
689 791 54
536 686 87
72 610 90
465 787 39
100 249 96
331 633 88
711 795 86
458 483 77
227 341 72
707 721 20
181 613 42
160 268 45
161 362 32
553 599 64
118 331 1
326 392 30
180 207 14
176 747 61
75 350 94
59 579 8
540 561 60
219 803 32
450 730 85
481 582 99
140 250 15
221 412 46
485 800 81
513 513 39
495 819 80
562 651 78
767 799 14
657 778 59
355 593 33
73 236 29
272 511 74
73 363 58
581 738 10
784 828 80
823 829 93
781 809 8
568 790 65
639 744 82
651 776 34
444 818 77
485 801 14
620 735 69
516 750 85
137 679 19
808 810 13
421 489 58
298 741 91
432 542 81
245 318 28
471 766 70
51 748 27
362 480 28
456 460 99
638 672 1
240 797 94
322 379 86
274 606 14
64 529 21
584 810 69
690 732 53
481 795 87
795 810 80
40 464 33
174 179 53
417 620 95
542 580 15
75 682 56
317 812 54
614 755 85
302 314 56
2 206 57
426 608 60
185 539 63
130 148 72
727 811 85
492 622 3
311 697 55
585 636 38
819 823 10
519 626 1
527 766 57
327 480 4
664 815 10
262 346 81
377 794 6
156 413 8
787 827 57
298 381 40
140 825 45
820 821 90
193 511 90
141 227 99
629 731 54
665 686 9
435 532 73
1 792 45
425 499 28
763 825 86
228 310 79
211 540 22
576 730 61
408 662 18
740 754 6
378 546 92
615 732 53
348 626 72
397 575 86
410 485 55
467 520 17
412 554 77
310 589 53
766 794 93
766 782 82
56 195 51
438 819 21
102 748 9
124 138 39
21 214 46
408 673 35
419 498 94
245 524 28
749 788 23
795 821 65
702 760 97
700 806 98
332 769 35
747 803 79
779 793 95
756 798 43
720 826 13
319 614 54
329 665 5
522 674 86
361 524 37
416 733 68
400 651 70
124 815 32
487 491 71
54 772 54
258 685 54
330 700 97
736 809 61
461 598 61
473 580 78
3 500 91
615 728 98
624 761 43
136 602 45
597 685 5
375 650 21
187 781 29
543 562 20
245 341 10
474 501 23
32 181 71
527 742 12
361 760 93
540 613 52
117 243 63
312 738 13
33 230 4
3 39 8
124 511 21
305 508 34
21 703 85
630 757 86
525 789 91
685 768 66
455 508 14
454 499 83
181 654 70
162 669 24
78 554 35
818 819 30
244 768 89
754 774 18
482 610 92
402 786 17
682 785 66
88 372 2
809 828 66
415 756 73
750 820 63
37 84 17
614 709 61
809 819 43
619 682 87
243 425 96
357 783 11
431 741 35
192 614 34
800 804 7
667 683 93
529 548 80
305 666 51
124 527 70
512 672 67
493 573 10
642 751 62
315 765 33
678 695 43
554 766 25
750 780 80
524 556 13
729 819 64
390 464 18
623 683 36
624 629 87
82 779 14
135 265 80
339 567 39
285 826 31
300 398 96
194 371 75
512 641 54
279 404 25
572 820 72
115 817 13
160 717 63
200 737 48
150 686 72
139 687 75
78 698 47
599 827 50
160 265 47
694 816 78
248 788 4
513 754 13
489 777 100
126 798 39
487 641 81
587 774 8
712 785 24
282 601 92
182 792 79
133 766 6
124 571 40
735 738 46
579 632 31
415 601 48
608 627 5
315 661 4
472 829 53
15 527 61
656 716 95
223 542 46
267 349 12
68 817 8
176 253 74
705 776 41
813 823 80
670 721 8
529 791 54
175 391 30
548 828 56
609 797 55
144 279 35
236 382 95
656 757 32
715 717 94
100 561 78
635 712 22
233 397 82
236 293 92
132 820 11
52 154 50
62 295 63
134 153 75
614 791 91
817 817 16
337 634 20
612 671 95
158 797 59
358 424 32
89 736 6
521 763 88
104 511 30
465 574 70
100 211 98
114 501 66
442 606 41
736 785 65
675 746 13
472 714 57
255 621 56
722 733 82
812 813 78
275 607 32
196 639 57
172 630 75
86 742 8
202 475 46
228 437 59
561 609 31
341 403 34
168 743 62
578 785 50
575 611 69
126 742 50
141 358 90
274 541 4
289 572 81
226 822 90
749 786 1
641 660 7
408 643 28
223 710 46
414 445 10
270 687 83
521 542 62
104 297 53
269 675 68
109 754 98
748 773 57
726 771 52
298 777 72
370 572 19
260 592 26
138 762 36
33 233 24
269 551 96
587 663 50
405 652 22
732 768 72
111 421 7
562 633 19
117 414 94
570 594 76
324 575 40
227 263 18
157 643 16
81 460 16
32 390 3
167 241 83
75 716 44
241 816 27
591 657 85
350 673 73
642 740 57
79 660 41
409 571 50
318 418 33
47 707 54
222 410 99
487 667 96
351 509 5
237 248 75
782 826 90
408 729 59
237 381 57
336 420 55
663 717 99
153 259 57
733 758 76
76 393 18
225 355 56
460 558 29
196 328 54
224 243 2
170 381 91
266 802 79
542 690 68
342 425 36
688 719 13
104 753 15
817 820 71
796 806 15
205 454 89
299 582 60
151 747 39
223 466 29
697 721 47
278 551 99
739 754 79
812 815 19
747 747 3
429 511 73
49 621 1
186 664 33
564 584 23
225 694 28
385 802 99
207 731 56
490 589 47
59 370 54
734 751 12
802 805 85
307 474 48
274 588 99
238 652 49
612 752 50
619 734 12
482 703 18
311 401 79
81 224 51
605 695 96
810 825 13
610 738 70
738 802 97
310 451 8
787 790 87
242 711 19
551 784 88
310 618 60
501 824 97
708 784 55
340 659 38
617 655 3
263 481 71
452 511 61
62 85 8
579 587 83
641 661 51
573 629 18
650 737 6
306 630 4
379 692 66
179 780 9
433 483 58
199 558 88
297 394 90
543 579 48
159 804 87
673 702 93
72 602 6
412 631 26
411 635 10
223 771 13
327 469 16
493 717 40
711 731 1
623 642 26
638 799 22
345 527 11
151 566 6
354 422 84
142 797 27
359 484 69
519 568 82
479 724 61
478 560 75
648 693 70
36 799 61
146 564 19
474 816 36
686 785 49
29 738 58
247 791 95
662 719 45
54 148 52
190 502 74
107 566 89
323 613 48
760 786 80
599 808 67
198 227 1
188 670 68
175 182 56
633 772 98
132 805 62
41 257 2
818 828 61
280 822 87
348 702 50
728 763 55
259 336 80
509 667 61
255 528 5
175 653 37
689 809 20
560 720 31
516 798 94
347 364 51
362 630 74
427 604 40
156 741 33
782 796 90
693 759 57
86 694 64
672 823 59
296 824 75
501 660 26
574 809 66
606 696 95
184 802 99
462 786 19
310 498 32
537 802 32
78 550 5
223 790 51
659 794 1
500 521 5
607 772 48
289 776 13
130 171 72
497 812 60
686 787 39
312 314 38
11 819 28
789 801 58
613 673 74
421 548 62
408 427 89
647 714 12
194 714 73
196 617 74
433 435 85
146 402 100
222 308 12
644 659 56
51 467 86
682 816 90
240 736 49
256 623 26
343 595 71
77 143 60
639 780 70
78 241 42
187 712 1
701 807 78
103 318 34
639 821 10
492 669 92
243 490 5
657 753 27
126 126 14
213 424 24
822 824 84
464 489 15
584 673 71
703 788 98
210 589 8
44 344 48
799 823 39
152 483 95
75 521 20
430 736 1
114 457 54
773 804 93
737 751 67
738 759 25
49 578 26
434 612 93
416 650 65
583 758 47
118 445 70
471 763 46
214 748 60
206 284 3
21 131 91
789 820 63
822 822 94
39 657 19
602 637 26
286 308 13
207 338 58
635 772 2
496 500 53
382 608 71
183 229 96
447 686 49
170 714 87
659 784 17
107 700 88
445 577 95
752 829 77
722 782 86
67 600 96
582 596 70
160 635 55
694 729 28
209 767 80
715 827 95
61 559 73
708 774 100
650 788 56
165 393 84
333 612 45
369 719 49
128 195 69
683 804 35
269 552 69
508 704 75
128 671 87
723 813 53
17 601 72
80 481 98
344 803 10
683 802 50
573 705 12
205 419 37
37 137 97
309 559 67
81 243 17
5 468 18
585 821 14
56 639 83
466 725 92
442 666 16
265 590 51
206 827 64
356 738 29
148 589 52
399 720 30
435 506 45
347 797 24
401 582 5
304 464 4
405 682 70
88 347 95
436 639 56
770 778 97
325 795 10
638 655 40
411 649 98
758 815 25
78 710 30
420 481 40
723 752 23
520 585 69
700 787 57
383 822 71
127 702 38
328 639 71
77 219 65
446 554 33
50 203 1
449 604 41
648 696 81
161 643 47
539 805 53
607 827 97
571 780 5
211 332 14
249 698 76
710 753 91
586 624 4
792 819 59
789 790 90
384 451 69
760 789 65
455 457 54
25 257 75
51 513 49
702 750 31
294 709 86
56 814 2
306 773 27
783 817 2
393 509 24
604 633 68
614 761 64
225 270 17
720 778 97
343 455 52
481 611 53
256 816 17
62 682 50
311 666 40
320 657 27
560 724 25
164 607 99
402 581 94
258 718 30
330 463 25
590 643 4
370 594 53
321 445 42
260 660 27
495 763 85
368 564 28
153 650 45
113 206 71
43 506 63
571 606 64
228 747 90
472 517 1
125 327 32
579 641 59
679 768 34
753 799 80
70 801 19
198 484 2
342 828 80
393 637 18
439 560 95
431 598 33
87 146 42
142 222 44
546 613 34
614 746 10
730 767 5
407 792 78
487 701 56
387 727 88
385 439 66
377 687 49
328 465 23
300 424 55
102 517 22
340 670 91
434 538 37
479 515 92
65 485 51
764 827 66
304 428 83
401 467 5
683 815 20
703 814 55
698 713 70
535 757 18
798 810 92
263 515 14
126 526 69
651 718 55
791 821 13
548 775 14
676 799 77
322 359 9
118 206 27
713 736 96
569 762 66
653 684 40
825 829 1
569 686 1
224 589 64
23 794 80
307 628 68
408 479 18
345 575 67
533 791 20
22 811 20
145 293 10
576 733 98
444 564 86
407 643 33
158 586 67
285 675 1
542 577 37
347 542 92
317 490 28
291 617 3
625 647 6
46 476 100
258 378 91
512 747 81
87 575 1
266 331 31
464 559 48
663 798 93
555 785 32
407 717 54
266 602 20
110 764 68
296 723 97
434 438 77
635 800 9
634 714 60
768 786 9
745 781 88
676 686 62
156 615 2
198 446 77
450 520 94
361 364 10
525 825 67
155 412 35
335 547 57
194 485 84
572 790 85
464 564 96
539 715 98
576 669 99
425 817 30
620 636 39
99 360 4
340 540 94
497 504 9
423 599 36
789 789 41
742 754 36
773 812 73
250 446 21
157 659 17
681 775 66
579 800 63
413 455 75
716 783 13
622 779 71
468 657 93
722 765 74
456 522 69
175 467 20
783 791 11
536 718 100
240 816 22
748 828 87
752 783 11
13 466 5
661 824 44
159 687 87
703 820 80
420 628 15
287 584 78
87 341 63
696 774 34
508 525 14
470 704 18
40 408 100
64 277 84
535 766 5
53 398 47
684 755 73
207 588 27
634 671 56
511 716 78
301 623 92
109 403 16
546 730 21
769 783 58
339 477 65
562 696 31
768 774 61
598 621 96
230 513 79
255 443 72
741 756 38
218 509 65
187 482 25
463 720 37
42 555 74
640 760 55
492 818 28
335 725 57
177 439 46
412 747 15
412 642 17
591 636 18
6 557 11
763 773 86
457 499 98
695 706 14
54 575 92
415 587 80
769 815 37
55 602 65
199 224 76
708 762 11
629 747 87
293 482 16
227 422 76
621 639 6
762 795 75
83 722 18
710 730 7
507 546 73
521 646 28
125 402 33
215 604 85
476 736 63
48 612 30
332 762 59
609 676 38
4 174 51
683 743 21
318 347 99
375 739 33
324 819 82
707 794 13
433 526 95
667 781 23
158 224 63
651 824 82
239 697 83
419 649 11
721 782 99
447 693 84
72 737 6
347 427 14
71 706 12
399 710 87
26 572 18
653 790 16
208 607 22
234 666 85
297 314 96
211 766 5
401 491 41
436 708 25
153 337 42
695 793 29
234 597 44
452 743 19
34 314 4
269 294 29
764 774 42
256 447 4
814 829 2
814 826 100
781 786 68
295 299 91
594 707 64
68 169 94
121 661 45
621 783 81
515 701 17
140 304 56
795 803 73
341 713 17
362 423 53
651 796 30
533 821 41
748 809 50
68 254 55
309 584 9
78 418 56
325 394 100
283 421 50
451 673 33
24 595 68
667 697 1
526 698 97
359 727 91
640 789 13
42 216 59
24 577 63
731 806 70
137 321 57
744 817 85
431 526 25
119 122 52
700 716 74
262 701 29
783 796 35
182 364 91
643 664 99
639 699 90
782 791 68
225 634 36
577 614 53
653 761 64
436 724 2
361 398 78
71 149 1
677 710 81
260 296 94
404 618 21
114 515 64
33 507 88
370 602 8
601 776 57
522 712 53
477 518 52
736 755 3
350 736 49
607 789 34
163 474 40
723 802 12
153 760 11
666 677 44
58 159 81
399 813 26
147 733 16
163 408 64
488 508 44
84 706 81
567 822 100
53 592 30
303 802 84
276 550 50
264 606 43
431 673 77
61 500 82
779 827 27
589 622 20
582 700 18
444 686 25
369 771 62
466 525 53
224 239 3
561 654 40
679 749 98
715 798 52
605 628 52
69 410 88
230 812 33
611 789 78
549 751 55
454 635 92
291 815 10
251 533 35
574 596 99
764 768 76
234 497 95
409 629 84
739 811 76
109 769 23
716 797 82
776 822 16
520 668 32
24 213 84
106 793 48
39 246 64
560 587 50
493 763 15
695 731 80
193 230 71
584 702 1
648 755 14
153 635 74
168 435 76
540 542 35
736 829 96
395 751 87
704 754 98
191 485 52
52 760 79
77 385 59
69 348 33
687 696 51
651 770 73
744 799 85
38 795 25
438 755 68
663 824 29
43 769 15
100 418 53
655 754 71
790 795 84
117 645 97
557 714 26
422 717 54
283 390 15
553 740 45
132 694 46
99 627 56
462 517 54
718 751 18
165 361 98
236 599 52
767 827 77
170 769 69
70 345 15
330 400 72
390 781 69
812 824 36
582 827 15
630 814 87
335 771 14
87 748 87
438 532 38
315 418 22
530 556 45
55 769 35
90 796 25
671 822 15
389 597 95
770 793 34
690 707 100
719 723 100
359 448 39
537 682 89
426 451 97
524 564 51
288 390 60
648 651 26
538 670 52
10 331 91
737 773 2
383 482 82
250 630 51
638 686 16
159 773 29
635 802 66
236 811 45
197 393 2
370 503 8
154 170 47
554 760 92
742 802 3
180 181 67
48 52 82
148 485 76
22 299 2
507 735 74
725 789 2
684 781 75
697 798 56
458 594 84
629 788 52
319 353 52
774 804 20
439 694 21
69 364 69
100 239 20
778 782 15
415 417 73
357 782 43
467 724 89
302 663 100
189 656 81
743 795 21
379 507 98
696 732 80
112 504 98
805 813 70
554 816 79
292 523 27
474 659 85
519 824 1
555 719 59
225 613 20
517 597 22
273 487 47
364 687 28
405 763 25
120 431 55
458 768 70
548 756 14
740 810 79
217 355 71
691 799 7
505 815 4
271 828 29
96 629 83
346 570 25
126 231 22
389 467 10
321 428 28
674 695 64
537 805 29
781 829 48
24 44 83
259 339 29
111 159 87
526 822 84
806 808 49
367 690 46
736 802 47
758 813 17
46 155 83
132 710 41
152 349 34
603 819 27
414 800 12
22 539 72
274 404 46
134 792 83
168 238 25
603 725 59
674 775 49
699 770 86
307 597 40
743 815 36
724 751 10
449 792 52
630 802 84
225 685 72
419 613 9
594 639 83
456 777 92
401 518 75
347 727 69
23 266 37
196 747 21
297 777 18
151 770 75
91 805 96
754 827 96
651 759 29
459 462 79
197 259 42
170 741 73
524 714 79
203 695 44
169 315 69
620 620 63
467 736 60
581 642 76
373 778 74
99 636 34
527 755 76
420 703 30
530 686 50
183 602 70
601 821 1
342 701 31
762 765 81
181 467 94
281 605 8
423 497 93
150 151 97
127 449 44
677 803 21
352 503 100
358 454 31
400 764 92
338 677 77
554 740 22
135 782 35
710 765 56
62 739 43
368 717 65
315 609 41
298 512 32
795 809 37
552 634 74
717 739 82
173 332 20
713 791 14
310 537 72
634 760 84
373 740 42
530 619 35
342 527 71
595 807 76
785 801 51
775 797 5
689 708 5
64 537 2
59 231 3
205 346 97
138 822 91
755 801 44
455 496 59
462 705 86
526 669 85
289 610 59
396 647 41
126 423 35
35 221 86
256 729 58
13 96 3
235 500 65
459 725 38
191 331 35
548 573 58
538 695 40
349 760 94
485 646 87
469 475 54
620 829 53
466 535 15
668 713 77
301 794 83
730 735 22
242 690 76
263 706 98
493 502 82
805 824 45
600 829 50
391 702 40
354 488 39
716 729 78
639 736 20
299 418 5
376 752 60
612 826 75
312 439 67
85 377 3
274 416 4
361 800 78
135 779 15
244 717 25
474 488 41
686 750 69
28
36 233 792
55 500 746
58 16 807
79 708 788
15 249 803
4 473 686
45 356 809
84 437 789
58 432 778
92 8 768
89 402 773
84 144 768
61 46 709
86 719 780
21 575 723
15 479 713
11 37 778
4 429 745
67 56 708
30 628 772
17 431 755
55 629 761
24 48 768
69 460 739
56 802 736
16 270 814
97 600 806
20 30 692
